0 27.138 86.3172 47.6955 89.5198 91.2882 27.9102 34.7229 54.9462 13.0733 9.07074 29.8578 26.4069 45.848 9.2382 45.0892 4.55632 36.4244 3.61206 56.375 87.5305 24.2393 57.2416 56.7227 56.9976 61.5325 35.1259 33.5874 45.0179 3.69371 27.9716 36.0045 38.7504 56.2037 51.0301 6.44922 80.7303 62.9163 49.0871 35.4934 17.7836 91.8887 -4.71085 29.2856 -1.27281 -13.976 78.8132 73.2707 -23.5433 22.8682 56.4797 -0.947392 33.8826 49.5952 30.2671 8.62991 38.6293 29.8494 46.5177 10.2789 33.6805 
27.138 0 170.081 -171.649 -172.563 -165.083 -153.584 -170.779 -179.654 -115.184 -147.565 153.85 -152.322 -170.26 -116.051 160.426 -83.9806 -165.142 -121.45 175.381 -159.722 -141.998 162.038 169.394 172.919 179.998 -172.127 -175.832 162.233 -130.266 -152.945 -168.337 156.863 158.37 -178.936 -149.697 168.746 167.126 157.038 140.531 -146.673 -165.551 -149.003 -158.713 -142.77 -150.791 -176.182 169.311 -151.068 -71.4782 162.325 -128.058 -166.207 151.502 83.4066 -76.2582 -153.786 59.6311 161.384 -141.479 -161.649 
86.3172 170.081 0 -37.1145 -97.7658 -96.459 -44.3079 -19.8479 -28.6529 -30.8061 -71.4285 -8.78661 -50.5942 -37.4534 -35.3929 -3.73423 -30.7777 -31.4945 -43.4369 -19.4347 -94.0124 -22.2558 1.78913 -8.80332 -14.9571 -35.5272 -19.0817 -14.8738 -4.7581 -49.1288 -85.8061 -24.842 -5.27073 5.0502 -26.2211 -80.6858 7.77059 -3.14156 0.522809 -4.13869 -54.478 -96.9545 -82.9511 -22.3403 -68.362 -88.8582 -78.6913 -5.90971 -90.2536 -14.0945 0.914418 -51.5611 -23.9344 4.21736 -5.39097 -26.3202 -87.9807 -4.23919 -3.63758 -55.0013 -32.7749 
47.6955 -171.649 -37.1145 0 -174.047 -155.515 -60.3622 7.27281 107.52 -25.6183 -108.29 12.0113 -78.2732 -45.3398 -33.9753 40.6557 -27.1408 -14.5654 -48.8214 93.9502 -143.785 -7.55108 77.2238 82.9628 90.5191 139.611 8.92975 11.2814 40.2808 -60.7983 -128.157 1.52628 26.7061 71.9286 74.8505 -119.786 135.503 100.532 51.4532 22.1832 -80.7509 -156.655 -120.513 -3.33876 -99.0023 -126.806 174.263 127.413 -127.989 0.965903 75.0728 -64.4111 -0.284457 52.465 14.9304 -20.1728 -130.744 15.2573 44.3946 -77.1924 -21.6888 
89.5198 -172.563 -97.7658 -174.047 0 -93.617 -15.0661 6.50784 19.6424 -12.2692 -53.2176 9.5781 -21.8275 3.86791 -17.1344 22.127 -16.0173 0.398647 -25.3881 25.9468 -89.2589 -1.20096 35.0188 30.681 28.5877 25.3469 7.21346 8.55847 21.6092 -30.005 -75.4429 4.41327 16.8781 35.1212 16.4818 -67.7764 70.3904 39.9081 27.1237 15.3376 -29.767 -95.0846 -72.2375 1.62293 -51.2121 -82.1954 38.8348 55.0877 -84.6516 2.82813 33.9485 -33.7114 3.53451 29.043 11.5921 -11.3807 -79.2423 11.9519 23.2809 -33.1236 -2.38406 
91.2882 -165.083 -96.459 -155.515 -93.617 0 1.11658 17.7231 36.0716 -3.1266 -37.6411 17.3559 -4.26246 22.2084 -7.79906 31.5858 -8.73223 14.9707 -15.5043 39.9616 -83.2372 8.40802 44.7879 42.4009 41.5912 43.3849 18.3261 18.3975 31.2688 -18.8347 -64.0969 17.1171 25.5919 44.2452 31.9892 -55.2283 75.1338 50.5378 36.3078 23.2183 -13.7422 109.369 -62.1986 12.319 -38.0406 -76.3108 65.3922 63.93 -80.021 10.3396 43.8259 -23.101 15.5757 37.5849 18.7356 -4.19606 -69.6145 18.7751 32.9353 -19.0408 11.9369 
27.9102 -153.584 -44.3079 -60.3622 -15.0661 1.11658 0 48.4426 115.775 -8.60117 -136.133 31.8011 -141.268 118.081 -20.0039 67.6351 -16.8122 71.7985 -41.7465 108.825 -167.067 18.5415 94.4802 100.856 106.162 127.995 49.2517 42.2518 68.1943 -61.1409 -152.104 57.9362 51.6297 89.8681 106.677 -144.107 130.177 108.938 75.215 43.197 -113.025 -179.835 -142.944 31.9463 -122.061 -147.548 153.152 124.392 -148.238 18.1108 93.3329 -67.1426 48.5989 73.938 32.3115 -8.40851 -154.042 31.414 71.4521 -96.2366 60.2613 
34.7229 -170.779 -19.8479 7.27281 6.50784 17.7231 48.4426 0 170.388 -53.4949 -133.986 16.4846 -133.468 -169.59 -64.61 96.5265 -44.1515 -152.467 -82.5206 159.676 -154.488 -31.1788 132.39 146.536 154.562 171.775 75.134 23.5597 99.6126 -98.3399 -144.298 -157.407 56.2463 124.45 170.146 -139.068 157.052 147.254 106.295 37.8263 -125.706 -162.977 -138.599 -43.2697 -126.509 -141.936 -179.441 155.866 -142.506 -3.80046 131.881 -98.3895 -132.264 99.757 20.6335 -34.5461 -145.735 20.5215 104.851 -118.008 -140.883 
54.9462 -179.654 -28.6529 107.52 19.6424 36.0716 115.775 170.388 0 -32.1203 -101.911 3.15078 -76.5506 -67.9971 -39.4484 25.1226 -31.7146 -36.4065 -52.3877 72.097 -133.985 -17.4734 64.253 65.5286 72.2439 177.172 -7.98565 -2.19059 24.0739 -62.79 -120.069 -19.2947 14.4096 59.4125 -8.34223 -112.59 143.557 96.4721 36.667 12.2569 -78.7715 -144.979 -113.682 -16.3563 -94.5108 -119.781 -167.996 135.446 -120.995 -6.44689 61.1839 -65.6937 -17.999 39.6144 6.99927 -25.2868 -122.544 7.85725 28.0383 -76.2166 -39.0129 
13.0733 -115.184 -30.8061 -25.6183 -12.2692 -3.1266 -8.60117 -53.4949 -32.1203 0 -165.223 75.2599 178.036 155.091 -120.044 115.681 -30.6588 150.215 -132.078 142.589 -176.452 103.499 129.426 136.163 140.174 151.267 125.308 110.095 117.083 -147.864 -168.862 138.918 101.937 125.487 145.769 -165.523 146.402 137.749 117.966 87.6318 -171.929 176.349 -163.912 123.189 -159.074 -165.046 161.584 144.479 -165.121 53.4003 129.128 -141.493 135.259 114.386 68.1432 -8.10042 -169.534 63.5968 118.439 -163.71 152.504 
9.07074 -147.565 -71.4285 -108.29 -53.2176 -37.6411 -136.133 -133.986 -101.911 -165.223 0 36.1496 45.2878 69.3202 9.31597 57.5954 3.05936 52.4702 0.482673 77.4493 157.543 30.3642 73.9617 75.48 77.2107 87.6145 46.4317 42.9995 57.7377 -0.437034 177.75 49.4856 48.5147 71.8055 72.2438 -167.224 102.683 82.5817 62.4896 43.4416 29.3549 141.576 -158.118 38.1763 -39.8063 -164.524 112.368 95.3982 -164.842 27.0159 73.0727 -8.71545 45.8537 62.3774 36.1102 8.49197 176.61 35.3095 59.6898 11.8038 48.5069 
29.8578 153.85 -8.78661 12.0113 9.5781 17.3559 31.8011 16.4846 3.15078 75.2599 36.1496 0 -147.443 -166.405 -107.411 161.747 -77.316 -159.722 -114.713 177.762 -157.094 -126.648 163.048 171.225 175.063 -177.559 -164.998 -166.677 163.889 -124.384 -149.947 -162.244 157.871 158.957 -175.803 -146.455 169.87 168.501 157.582 132.611 -141.794 -163.136 -145.851 -148.354 -138.807 -147.887 -174.035 170.615 -148.218 -51.9741 163.393 -122.529 -159.179 151.099 35.703 -69.2151 -150.877 29.7787 162.775 -136.455 -155.779 
26.4069 -152.322 -50.5942 -78.2732 -21.8275 -4.26246 -141.268 -133.468 -76.5506 178.036 45.2878 -147.443 0 98.845 -11.6933 63.7645 -11.8088 61.2114 -30.3011 98.6379 -170.968 21.735 87.8857 92.6098 96.8183 116.523 47.2297 41.6972 64.1479 -45.489 -154.018 53.2491 49.999 84.0072 94.3628 -144.668 123.475 101.089 70.6696 42.7019 -87.9042 174.714 -143.244 33.248 -116.945 -148.511 144.724 116.832 -149.268 20.2209 86.7536 -53.6827 46.3264 69.8726 32.9291 -4.15229 -156.179 32.0728 67.0366 -75.4517 52.6838 
45.848 -170.26 -37.4534 -45.3398 3.86791 22.2084 118.081 -169.59 -67.9971 155.091 69.3202 -166.405 98.845 0 -33.5601 43.7977 -26.6867 -10.3497 -48.9541 98.3731 -145.998 -6.00084 80.3186 86.8247 94.5862 139.034 12.0897 13.7505 43.548 -61.465 -130.365 5.5336 29.0953 74.8551 84.7178 -121.986 135.464 102.8 54.5486 24.0674 -82.9896 -158.916 -122.561 -1.13935 -101.007 -128.728 172.099 127.826 -129.87 2.17645 78.2865 -65.1577 2.96223 55.2093 16.3672 -19.5585 -132.904 16.5977 47.7215 -78.8707 -18.8918 
9.2382 -116.051 -35.3929 -33.9753 -17.1344 -7.79906 -20.0039 -64.61 -39.4484 -120.044 9.31597 -107.411 -11.6933 -33.5601 0 109.013 -12.0017 138.924 -138.89 135.594 179.079 90.5906 123.365 129.539 133.366 144.666 114.502 101.03 110.22 -156.492 -173.338 127.403 95.9351 119.63 137.899 -170.125 141.57 131.797 111.78 83.5296 179.157 171.677 -168.204 109.583 -164.356 -169.022 156.221 139.165 -169.015 54.7435 122.987 -147.489 122.988 108.716 66.8999 6.79039 -173.914 63.0778 111.716 -172.131 140.263 
45.0892 160.426 -3.73423 40.6557 22.127 31.5858 67.6351 96.5265 25.1226 115.681 57.5954 161.747 63.7645 43.7977 109.013 0 -53.922 -114.429 -82.8137 -163.599 -141.931 -57.895 165.124 -175.593 -168.594 -160.427 -82.434 -54.5334 -130.029 -93.8355 -132.781 -103.315 -12.4351 153.89 -149.134 -127.956 174.766 175.682 136.039 -5.18094 -112.518 -149.048 -128.041 -71.6391 -116.477 -131.579 -161.009 177.04 -132.25 -28.2063 166.161 -94.2092 -93.1415 106.831 -8.03712 -46.8715 -134.249 -4.96196 174.344 -107.693 -109.35 
4.55632 -83.9806 -30.7777 -27.1408 -16.0173 -8.73223 -16.8122 -44.1515 -31.7146 -30.6588 3.05936 -77.316 -11.8088 -26.6867 -12.0017 -53.922 0 149.89 -173.417 144.425 176.579 129.605 134.562 139.681 142.634 150.775 135.038 126.295 127.135 -174.291 -177.874 142.993 117.938 131.625 146.818 -175.768 146.995 140.58 126.91 108.134 174.909 170.863 -174.145 135.695 -172.937 -174.355 158.919 145.542 -174.258 93.0462 134.404 -168.42 141.094 124.004 94.1262 63.9341 -178.207 89.0289 127.8 179.967 151.271 
36.4244 -165.142 -31.4945 -14.5654 0.398647 14.9707 71.7985 -152.467 -36.4065 150.215 52.4702 -159.722 61.2114 -10.3497 138.924 -114.429 149.89 0 -60.7574 130.028 -155.035 -4.07663 104.237 115.703 124.661 152.711 29.8521 26.0548 66.3236 -77.7562 -142.012 32.4748 43.3197 97.2541 135.496 -135.149 143.572 123.525 76.76 34.045 -110.497 -165.92 -134.808 4.87982 -117.767 -139.305 171.384 139.383 -140.076 5.32648 102.858 -80.2691 18.6028 74.7916 22.6513 -21.504 -143.904 22.4004 71.2753 -101.587 -56.5812 
3.61206 -121.45 -43.4369 -48.8214 -25.3881 -15.5043 -41.7465 -82.5206 -52.3877 -132.078 0.482673 -114.713 -30.3011 -48.9541 -138.89 -82.8137 -173.417 -60.7574 0 123.248 171.932 73.0441 112.538 117.818 121.341 133.012 97.0281 86.2223 98.1139 -176.811 179.746 108.179 84.9615 109.103 124.044 -177.162 133.046 121.212 100.677 74.8759 161.845 163.962 -174.559 89.3684 -172.539 -174.829 146.935 129.757 -174.672 51.1397 112.027 -155.97 103.061 98.3728 61.5368 17.8688 179.332 58.7263 99.8134 171.332 118.882 
56.375 175.381 -19.4347 93.9502 25.9468 39.9616 108.825 159.676 72.097 142.589 77.4493 177.762 98.6379 98.3731 135.594 -163.599 144.425 130.028 123.248 0 -131.397 -24.3172 61.2191 60.1157 72.5505 -152.379 -18.674 -10.6166 14.8395 -66.8636 -118.896 -32.3397 7.34445 55.5883 -63.1145 -112.136 154.304 109.283 29.0636 6.56207 -82.4948 -140.968 -113.153 -25.0278 -95.8351 -118.757 -158.676 150.114 -119.887 -11.2812 56.961 -69.2902 -29.3848 33.488 2.31288 -29.2785 -121.156 3.51949 18.8654 -79.751 -50.7547 
87.5305 -159.722 -94.0124 -143.785 -89.2589 -83.2372 -167.067 -154.488 -133.985 -176.452 157.543 -157.094 -170.968 -145.998 179.079 -141.931 176.579 -155.035 171.932 -131.397 0 15.2819 51.2347 49.872 49.6983 53.5034 26.037 25.2931 37.8742 -10.2182 -49.3314 25.8609 31.6905 50.3665 41.7199 -41.2516 78.9477 57.2684 42.5706 28.8042 -0.990529 97.7486 -51.7868 19.8743 -26.1886 -72.1899 74.8287 69.5544 -78.0929 15.7405 50.3461 -14.8617 23.942 43.4657 23.8546 1.02351 -57.2834 23.6782 39.5136 -7.73337 21.8989 
24.2393 -141.998 -22.2558 -7.55108 -1.20096 8.40802 18.5415 -31.1788 -17.4734 103.499 30.3642 -126.648 21.735 -6.00084 90.5906 -57.895 129.605 -4.07663 73.0441 -24.3172 15.2819 0 138.258 147.384 152.46 164.595 146.138 117.927 124.32 -123.116 -156.243 164.454 100.87 133.155 161.479 -152.157 155.162 147.752 124.359 77.2272 -149.187 -172.172 -151.145 158.355 -143.067 -153.269 173.188 154.035 -153.574 17.4411 138.063 -120.462 163.3 118.97 48.5667 -36.3073 -157.245 44.6517 125.875 -141.203 -178.858 
57.2416 162.038 1.78913 77.2238 35.0188 44.7879 94.4802 132.39 64.253 129.426 73.9617 163.048 87.8857 80.3186 123.365 165.124 134.562 104.237 112.538 61.2191 51.2347 138.258 0 -117.802 -121.338 -132.985 -46.2599 -33.6395 -18.3502 -76.8185 -118.873 -61.6236 -13.923 36.3787 -101.775 -113.464 -179.455 -164.834 -2.91343 -9.67638 -91.55 -135.912 -114.228 -46.7408 -100.471 -118.762 -145.963 -173.353 -119.687 -24.0472 -33.1703 -78.2852 -56.2378 9.91358 -10.4224 -39.5218 -120.685 -8.17534 -16.4002 -88.5226 -74.0673 
56.7227 169.394 -8.80332 82.9628 30.681 42.4009 100.856 146.536 65.5286 136.163 75.48 171.225 92.6098 86.8247 129.539 -175.593 139.681 115.703 117.818 60.1157 49.872 147.384 -117.802 0 -127.775 -139.837 -31.8636 -21.128 1.99739 -72.0352 -119 -47.4686 -1.59545 52.9578 -91.5687 -112.95 167.462 149.935 18.4641 -0.395733 -87.4689 -138.406 -113.825 -35.5144 -98.3775 -118.865 -151.797 169.074 -119.887 -17.1178 54.1525 -73.9561 -42.8737 25.6502 -3.29228 -34.1477 -121.023 -1.62689 5.81955 -84.4804 -63.4828 
56.9976 172.919 -14.9571 90.5191 28.5877 41.5912 106.162 154.562 72.2439 140.174 77.2107 175.063 96.8183 94.5862 133.366 -168.594 142.634 124.661 121.341 72.5505 49.6983 152.46 -121.338 -127.775 0 -143.805 -23.8189 -14.7955 9.55089 -68.5912 -118.389 -38.149 3.61269 52.7638 -75.3074 -111.928 159.705 120.263 24.3892 3.62016 -83.9551 -139.287 -112.913 -29.0874 -96.362 -118.308 -154.894 157.891 -119.401 -13.6377 53.4671 -70.82 -34.5722 29.78 -0.0479289 -31.1514 -120.559 1.33581 13.4566 -81.1776 -55.4781 
61.5325 179.998 -35.5272 139.611 25.3469 43.3849 127.995 171.775 177.172 151.267 87.6145 -177.559 116.523 139.034 144.666 -160.427 150.775 152.711 133.012 -152.379 53.5034 164.595 -132.985 -139.837 -143.805 0 -6.93356 -2.29862 18.5552 -55.9204 -112.008 -15.3031 11.7054 45.4059 -4.94562 -104.218 133.136 67.8722 28.6263 10.2958 -67.839 -137.771 -105.876 -14.0195 -85.7868 -112.694 -162.133 117.441 -114.104 -6.0671 44.52 -59.0596 -14.7112 31.8774 5.94711 -23.3176 -114.753 6.78272 21.5242 -66.8692 -30.1655 
35.1259 -172.127 -19.0817 8.92975 7.21346 18.3261 49.2517 75.134 -7.98565 125.308 46.4317 -164.998 47.2297 12.0897 114.502 -82.434 135.038 29.8521 97.0281 -18.674 26.037 146.138 -46.2599 -31.8636 -23.8189 -6.93356 0 18.9802 100.853 -98.4723 -143.847 -152.591 55.3375 125.677 172.082 -138.651 157.892 148.519 107.43 36.6454 -125.26 -162.369 -138.208 -48.5298 -126.192 -141.543 -178.594 156.853 -142.116 -5.15049 133.271 -98.5076 -128.206 100.562 19.5191 -35.4591 -145.281 19.5347 106.198 -117.743 -139.049 
33.5874 -175.832 -14.8738 11.2814 8.55847 18.3975 42.2518 23.5597 -2.19059 110.095 42.9995 -166.677 41.6972 13.7505 101.03 -54.5334 126.295 26.0548 86.2223 -10.6166 25.2931 117.927 -33.6395 -21.128 -14.7955 -2.29862 18.9802 0 129.544 -107.684 -145.69 -156.884 80.277 139.495 178.705 -141.127 162.81 157.237 128.202 45.089 -131.359 -162.222 -140.617 -105.735 -130.479 -143.472 -176.319 162.674 -143.957 -12.1439 146.346 -106.862 -148.031 119.549 19.6841 -43.9618 -146.938 19.6797 131.627 -124.556 -146.661 
45.0179 162.233 -4.7581 40.2808 21.6092 31.2688 68.1943 99.6126 24.0739 117.083 57.7377 163.889 64.1479 43.548 110.22 -130.029 127.135 66.3236 98.1139 14.8395 37.8742 124.32 -18.3502 1.99739 9.55089 18.5552 100.853 129.544 0 -93.0909 -132.827 -101.695 -7.51081 149.699 -150.077 -127.921 173.588 173.609 124.551 -2.61357 -112.095 -149.376 -128.009 -69.0322 -116.23 -131.603 -161.684 175.659 -132.283 -26.5527 162.52 -93.5273 -91.0032 100.032 -6.37012 -45.7309 -134.317 -3.51914 147.393 -107.196 -108.425 
3.69371 -130.266 -49.1288 -60.7983 -30.005 -18.8347 -61.1409 -98.3399 -62.79 -147.864 -0.437034 -124.384 -45.489 -61.465 -156.492 -93.8355 -174.291 -77.7562 -176.811 -66.8636 -10.2182 -123.116 -76.8185 -72.0352 -68.5912 -55.9204 -98.4723 -107.684 -93.0909 0 178.963 91.4883 73.9243 99.8229 112.621 -177.252 126.768 112.531 90.4525 65.0165 149.395 160.568 -174.007 71.8344 -170.813 -174.407 140.946 122.559 -174.231 42.6521 102.529 -98.8186 85.7656 88.667 53.2855 14.5244 178.495 51.1845 88.8681 161.869 100.271 
27.9716 -152.945 -85.8061 -128.157 -75.4429 -64.0969 -152.104 -144.298 -120.069 -168.862 177.75 -149.947 -154.018 -130.365 -173.338 -132.781 -177.874 -142.012 179.746 -118.896 -49.3314 -156.243 -118.873 -119 -118.389 -112.008 -143.847 -145.69 -132.827 178.963 0 37.3081 39.9928 59.7684 55.176 -26.1614 88.0007 67.9628 51.6816 36.2847 14.8465 115.658 -56.2815 29.4714 -13.6404 -117.599 90.1056 79.9278 -127.01 22.3547 60.2766 -6.5613 34.8034 52.1181 30.4867 6.69725 168.817 30.0214 48.8681 5.50864 34.7417 
36.0045 -168.337 -24.842 1.52628 4.41327 17.1171 57.9362 -157.407 -19.2947 138.918 49.4856 -162.244 53.2491 5.5336 127.403 -103.315 142.993 32.4748 108.179 -32.3397 25.8609 164.454 -61.6236 -47.4686 -38.149 -15.3031 -152.591 -156.884 -101.695 91.4883 37.3081 0 46.5845 110.303 157.981 -136.736 151.211 136.557 88.8856 34.4018 -118.62 -163.669 -136.345 -10.8861 -122.062 -140.223 177.227 148.748 -140.89 0.70462 117.35 -89.6601 -9.81749 84.9498 20.9705 -27.8993 -144.339 20.8435 84.1718 -110.308 -125.485 
38.7504 156.863 -5.27073 26.7061 16.8781 25.5919 51.6297 56.2463 14.4096 101.937 48.5147 157.871 49.999 29.0953 95.9351 -12.4351 117.938 43.3197 84.9615 7.34445 31.6905 100.87 -13.923 -1.59545 3.61269 11.7054 55.3375 80.277 -7.51081 73.9243 39.9928 46.5845 0 159.648 -162.679 -135.743 173.362 173.256 157.281 3.64723 -125.075 -154.979 -135.504 -102.36 -125.834 -138.385 -166.538 174.906 -138.905 -34.49 166.727 -105.527 -125.518 144.057 -5.74479 -54.426 -141.238 -1.66541 168.798 -119.772 -131.476 
56.2037 158.37 5.0502 71.9286 35.1212 44.2452 89.8681 124.45 59.4125 125.487 71.8055 158.957 84.0072 74.8551 119.63 153.89 131.625 97.2541 109.103 55.5883 50.3665 133.155 36.3787 52.9578 52.7638 45.4059 125.677 139.495 149.699 99.8229 59.7684 110.303 159.648 0 -109.117 -115.099 -175.46 -158.818 -16.6218 -14.2063 -94.9635 -136.412 -115.756 -53.0882 -102.788 -120.013 -145.745 -168.99 -120.879 -27.6072 -129.288 -81.3955 -63.8557 1.48171 -13.8028 -42.5046 -121.937 -11.2015 -29.935 -91.7778 -80.5804 
51.0301 -178.936 -26.2211 74.8505 16.4818 31.9892 106.677 170.146 -8.34223 145.769 72.2438 -175.803 94.3628 84.7178 137.899 -149.134 146.818 135.496 124.044 -63.1145 41.7199 161.479 -101.775 -91.5687 -75.3074 -4.94562 172.082 178.705 -150.077 112.621 55.176 157.981 -162.679 -109.117 0 -117.608 147.383 112.273 44.3057 14.3342 -86.1 -148.999 -118.369 -17.559 -99.9792 -124.012 -171.065 141.823 -125.107 -6.29729 75.1684 -70.0726 -20.013 46.5445 8.22619 -26.3729 -127.127 9.05795 34.7749 -82.4382 -46.4149 
6.44922 -149.697 -80.6858 -119.786 -67.7764 -55.2283 -144.107 -139.068 -112.59 -165.523 -167.224 -146.455 -144.668 -121.986 -170.125 -127.956 -175.768 -135.149 -177.162 -112.136 -41.2516 -152.157 -113.464 -112.95 -111.928 -104.218 -138.651 -141.127 -127.921 -177.252 -26.1614 -136.736 -135.743 -115.099 -117.608 0 93.4017 73.8715 56.5486 40.053 23.4904 124.316 -129.89 34.2752 -8.42356 -161.591 98.2583 85.8364 -162.634 25.4352 65.6934 -3.52283 40.3962 56.7466 33.7165 8.98408 157.752 33.0942 53.8265 12.138 41.4727 
80.7303 168.746 7.77059 135.503 70.3904 75.1338 130.177 157.052 143.557 146.402 102.683 169.87 123.475 135.464 141.57 174.766 146.995 143.572 133.046 154.304 78.9477 155.162 -179.455 167.462 159.705 133.136 157.892 162.81 173.588 126.768 88.0007 151.211 173.362 -175.46 147.383 93.4017 0 -6.439 -0.519637 -5.21767 -60.0145 -105.474 -88.6374 -25.318 -73.6887 -94.4616 -95.566 -16.3349 -95.8009 -15.6537 -0.472295 -55.5999 -27.5371 3.72772 -6.39434 -28.3365 -94.1884 -5.11395 -5.20962 -60.0652 -37.5668 
62.9163 167.126 -3.14156 100.532 39.9081 50.5378 108.938 147.254 96.4721 137.749 82.5817 168.501 101.089 102.8 131.797 175.682 140.58 123.525 121.212 109.283 57.2684 147.752 -164.834 149.935 120.263 67.8722 148.519 157.237 173.609 112.531 67.9628 136.557 173.256 -158.818 112.273 73.8715 -6.439 0 4.77716 -4.69356 -80.1602 -130.24 -107.316 -34.5615 -91.9742 -112.568 -139.73 179.958 -113.671 -18.544 11.1757 -69.5015 -40.1536 11.9649 -6.37921 -33.7815 -114.114 -4.69221 -4.17755 -78.1349 -56.4841 
49.0871 157.038 0.522809 51.4532 27.1237 36.3078 75.215 106.295 36.667 117.966 62.4896 157.582 70.6696 54.5486 111.78 136.039 126.91 76.76 100.677 29.0636 42.5706 124.359 -2.91343 18.4641 24.3892 28.6263 107.43 128.202 124.551 90.4525 51.6816 88.8856 157.281 -16.6218 44.3057 56.5486 -0.519637 4.77716 0 -13.2054 -106.601 -144.324 -123.73 -66.1776 -111.839 -127.47 -155.193 -176.929 -128.198 -30.1685 179.364 -90.1986 -82.783 60.4659 -13.026 -46.6146 -129.848 -9.8411 -67.432 -102.411 -99.295 
35.4934 140.531 -4.13869 22.1832 15.3376 23.2183 43.197 37.8263 12.2569 87.6318 43.4416 132.611 42.7019 24.0674 83.5296 -5.18094 108.134 34.045 74.8759 6.56207 28.8042 77.2272 -9.67638 -0.395733 3.62016 10.2958 36.6454 45.089 -2.61357 65.0165 36.2847 34.4018 3.64723 -14.2063 14.3342 40.053 -5.21767 -4.69356 -13.2054 0 -132.329 -157.295 -139.573 -124.87 -131.422 -141.997 -167.83 176.274 -142.422 -49.9579 170.919 -113.848 -140.628 158.232 -12.6699 -64.6641 -144.775 -4.68835 174.767 -127.278 -141.699 
17.7836 -146.673 -54.478 -80.7509 -29.767 -13.7422 -113.025 -125.706 -78.7715 -171.929 29.3549 -141.794 -87.9042 -82.9896 179.157 -112.518 174.909 -110.497 161.845 -82.4948 -0.990529 -149.187 -91.55 -87.4689 -83.9551 -67.839 -125.26 -131.359 -112.095 149.395 14.8465 -118.62 -125.075 -94.9635 -86.1 23.4904 -60.0145 -80.1602 -106.601 -132.329 0 165.354 -153.733 42.6223 -128.219 -157.769 137.396 113.725 -158.215 26.3215 87.4766 -42.6348 55.2288 72.5067 37.9264 2.32763 -166.812 36.817 70.4011 -60.5823 63.6741 
91.8887 -165.551 -96.9545 -156.655 -95.0846 109.369 -179.835 -162.977 -144.979 176.349 141.576 -163.136 174.714 -158.916 171.677 -149.048 170.863 -165.92 163.962 -140.968 97.7486 -172.172 -135.912 -138.406 -139.287 -137.771 -162.369 -162.222 -149.376 160.568 115.658 -163.669 -154.979 -136.412 -148.999 124.316 -105.474 -130.24 -144.324 -157.295 165.354 0 -62.4401 11.6643 -38.6746 -76.1348 63.8597 63.1729 -79.7306 9.8796 43.1238 -23.6525 14.8327 36.9888 18.2789 -4.6049 -69.6551 18.338 32.2856 -19.809 11.069 
-4.71085 -149.003 -82.9511 -120.513 -72.2375 -62.1986 -142.944 -138.599 -113.682 -163.912 -158.118 -145.851 -143.244 -122.561 -168.204 -128.041 -174.145 -134.808 -174.559 -113.153 -51.7868 -151.145 -114.228 -113.825 -112.913 -105.876 -138.208 -140.617 -128.009 -174.007 -56.2815 -136.345 -135.504 -115.756 -118.369 -129.89 -88.6374 -107.316 -123.73 -139.573 -153.733 -62.4401 0 35.0646 1.10702 -177.046 94.9164 84.0437 -175.425 26.303 64.9666 0.107504 40.9292 56.4728 34.2683 10.3927 134.992 33.6424 53.6605 15.8505 42.0372 
29.2856 -158.713 -22.3403 -3.33876 1.62293 12.319 31.9463 -43.2697 -16.3563 123.189 38.1763 -148.354 33.248 -1.13935 109.583 -71.6391 135.695 4.87982 89.3684 -25.0278 19.8743 158.355 -46.7408 -35.5144 -29.0874 -14.0195 -48.5298 -105.735 -69.0322 71.8344 29.4714 -10.8861 -102.36 -53.0882 -17.559 34.2752 -25.318 -34.5615 -66.1776 -124.87 42.6223 11.6643 35.0646 0 -134.441 -147.73 175.535 153.285 -148.173 5.60814 132.879 -107.109 168.666 107.975 32.6085 -32.9617 -151.774 31.0329 114.034 -128.835 -166.515 
-1.27281 -142.77 -68.362 -99.0023 -51.2121 -38.0406 -122.061 -126.509 -94.5108 -159.074 -39.8063 -138.807 -116.945 -101.007 -164.356 -116.477 -172.937 -117.767 -172.539 -95.8351 -26.1886 -143.067 -100.471 -98.3775 -96.362 -85.7868 -126.192 -130.479 -116.23 -170.813 -13.6404 -122.062 -125.834 -102.788 -99.9792 -8.42356 -73.6887 -91.9742 -111.839 -131.422 -128.219 -38.6746 1.10702 -134.441 0 -178.382 116.31 99.8731 -177.777 31.773 78.7102 -0.572927 54.0254 67.7463 40.7011 12.5891 166.595 39.6685 65.6653 32.0228 58.5973 
-13.976 -150.791 -88.8582 -126.806 -82.1954 -76.3108 -147.548 -141.936 -119.781 -165.046 -164.524 -147.887 -148.511 -128.728 -169.022 -131.579 -174.355 -139.305 -174.829 -118.757 -72.1899 -153.269 -118.762 -118.865 -118.308 -112.694 -141.543 -143.472 -131.603 -174.407 -117.599 -140.223 -138.385 -120.013 -124.012 -161.591 -94.4616 -112.568 -127.47 -141.997 -157.769 -76.1348 -177.046 -147.73 -178.382 0 86.1021 78.1798 -168.682 24.7788 60.4617 0.489616 37.403 52.8955 32.374 9.8832 82.9533 31.8567 49.9626 13.6443 37.7979 
78.8132 -176.182 -78.6913 174.263 38.8348 65.3922 153.152 -179.441 -167.996 161.584 112.368 -174.035 144.724 172.099 156.221 -161.009 158.919 171.384 146.935 -158.676 74.8287 173.188 -145.963 -151.797 -154.894 -162.133 -178.594 -176.319 -161.684 140.946 90.1056 177.227 -166.538 -145.745 -171.065 98.2583 -95.566 -139.73 -155.193 -167.83 137.396 63.8597 94.9164 175.535 116.31 86.1021 0 62.5351 -95.9195 -1.14842 32.7051 -42.6137 -3.28217 27.2178 8.47032 -16.0846 -93.3668 9.01761 20.2203 -44.7166 -11.495 
73.2707 169.311 -5.90971 127.413 55.0877 63.93 124.392 155.866 135.446 144.479 95.3982 170.615 116.832 127.826 139.165 177.04 145.542 139.383 129.757 150.114 69.5544 154.035 -173.353 169.074 157.891 117.441 156.853 162.674 175.659 122.559 79.9278 148.748 174.906 -168.99 141.823 85.8364 -16.3349 179.958 -176.929 176.274 113.725 63.1729 84.0437 153.285 99.8731 78.1798 62.5351 0 -103.12 -15.5817 5.07896 -59.8239 -29.5907 7.98389 -5.29105 -29.3992 -102.335 -3.93393 -2.77338 -65.7171 -41.6916 
-23.5433 -151.068 -90.2536 -127.989 -84.6516 -80.021 -148.238 -142.506 -120.995 -165.121 -164.842 -148.218 -149.268 -129.87 -169.015 -132.25 -174.258 -140.076 -174.672 -119.887 -78.0929 -153.574 -119.687 -119.887 -119.401 -114.104 -142.116 -143.957 -132.283 -174.231 -127.01 -140.89 -138.905 -120.879 -125.107 -162.634 -95.8009 -113.671 -128.198 -142.422 -158.215 -79.7306 -175.425 -148.173 -177.777 -168.682 -95.9195 -103.12 0 24.5666 59.5461 0.82708 36.8092 52.1946 32.063 9.90656 70.2943 31.5651 49.2554 13.5515 37.0941 
22.8682 -71.4782 -14.0945 0.965903 2.82813 10.3396 18.1108 -3.80046 -6.44689 53.4003 27.0159 -51.9741 20.2209 2.17645 54.7435 -28.2063 93.0462 5.32648 51.1397 -11.2812 15.7405 17.4411 -24.0472 -17.1178 -13.6377 -6.0671 -5.15049 -12.1439 -26.5527 42.6521 22.3547 0.70462 -34.49 -27.6072 -6.29729 25.4352 -15.6537 -18.544 -30.1685 -49.9579 26.3215 9.8796 26.303 5.60814 31.773 24.7788 -1.14842 -15.5817 24.5666 0 156.112 -134.531 -178.275 144.976 96.5399 -77.7172 -158.402 80.9265 153.139 -148.291 -171.473 
56.4797 162.325 0.914418 75.0728 33.9485 43.8259 93.3329 131.881 61.1839 129.128 73.0727 163.393 86.7536 78.2865 122.987 166.161 134.404 102.858 112.027 56.961 50.3461 138.063 -33.1703 54.1525 53.4671 44.52 133.271 146.346 162.52 102.529 60.2766 117.35 166.727 -129.288 75.1684 65.6934 -0.472295 11.1757 179.364 170.919 87.4766 43.1238 64.9666 132.879 78.7102 60.4617 32.7051 5.07896 59.5461 156.112 0 -78.9118 -57.0147 12.5314 -9.99133 -39.6066 -121.528 -7.73722 -15.2802 -89.3788 -75.2848 
-0.947392 -128.058 -51.5611 -64.4111 -33.7114 -23.101 -67.1426 -98.3895 -65.6937 -141.493 -8.71545 -122.529 -53.6827 -65.1577 -147.489 -94.2092 -168.42 -80.2691 -155.97 -69.2902 -14.8617 -120.462 -78.2852 -73.9561 -70.82 -59.0596 -98.5076 -106.862 -93.5273 -98.8186 -6.5613 -89.6601 -105.527 -81.3955 -70.0726 -3.52283 -55.5999 -69.5015 -90.1986 -113.848 -42.6348 -23.6525 0.107504 -107.109 -0.572927 0.489616 -42.6137 -59.8239 0.82708 -134.531 -78.9118 0 85.2465 88.1674 55.0853 19.4501 173.223 53.0085 88.2938 144.279 97.8114 
33.8826 -166.207 -23.9344 -0.284457 3.53451 15.5757 48.5989 -132.264 -17.999 135.259 45.8537 -159.179 46.3264 2.96223 122.988 -93.1415 141.094 18.6028 103.061 -29.3848 23.942 163.3 -56.2378 -42.8737 -34.5722 -14.7112 -128.206 -148.031 -91.0032 85.7656 34.8034 -9.81749 -125.518 -63.8557 -20.013 40.3962 -27.5371 -40.1536 -82.783 -140.628 55.2288 14.8327 40.9292 168.666 54.0254 37.403 -3.28217 -29.5907 36.8092 -178.275 -57.0147 85.2465 0 92.3614 23.7124 -29.2199 -146.713 23.293 94.1974 -116.162 -144.877 
49.5952 151.502 4.21736 52.465 29.043 37.5849 73.938 99.757 39.6144 114.386 62.3774 151.099 69.8726 55.2093 108.716 106.831 124.004 74.7916 98.3728 33.488 43.4657 118.97 9.91358 25.6502 29.78 31.8774 100.562 119.549 100.032 88.667 52.1181 84.9498 144.057 1.48171 46.5445 56.7466 3.72772 11.9649 60.4659 158.232 72.5067 36.9888 56.4728 107.975 67.7463 52.8955 27.2178 7.98389 52.1946 144.976 12.5314 88.1674 92.3614 0 -18.6583 -49.8156 -129.343 -14.8995 -92.8887 -103.506 -101.582 
30.2671 83.4066 -5.39097 14.9304 11.5921 18.7356 32.3115 20.6335 6.99927 68.1432 36.1102 35.703 32.9291 16.3672 66.8999 -8.03712 94.1262 22.6513 61.5368 2.31288 23.8546 48.5667 -10.4224 -3.29228 -0.0479289 5.94711 19.5191 19.6841 -6.37012 53.2855 30.4867 20.9705 -5.74479 -13.8028 8.22619 33.7165 -6.39434 -6.37921 -13.026 -12.6699 37.9264 18.2789 34.2683 32.6085 40.7011 32.374 8.47032 -5.29105 32.063 96.5399 -9.99133 55.0853 23.7124 -18.6583 0 -79.8034 -150.381 19.6543 172.132 -137.314 -153.986 
8.62991 -76.2582 -26.3202 -20.1728 -11.3807 -4.19606 -8.40851 -34.5461 -25.2868 -8.10042 8.49197 -69.2151 -4.15229 -19.5585 6.79039 -46.8715 63.9341 -21.504 17.8688 -29.2785 1.02351 -36.3073 -39.5218 -34.1477 -31.1514 -23.3176 -35.4591 -43.9618 -45.7309 14.5244 6.69725 -27.8993 -54.426 -42.5046 -26.3729 8.98408 -28.3365 -33.7815 -46.6146 -64.6641 2.32763 -4.6049 10.3927 -32.9617 12.5891 9.8832 -16.0846 -29.3992 9.90656 -77.7172 -39.6066 19.4501 -29.2199 -49.8156 -79.8034 0 -173.726 94.0239 134.728 -172.598 160.267 
38.6293 -153.786 -87.9807 -130.744 -79.2423 -69.6145 -154.042 -145.735 -122.544 -169.534 176.61 -150.877 -156.179 -132.904 -173.914 -134.249 -178.207 -143.904 179.332 -121.156 -57.2834 -157.245 -120.685 -121.023 -120.559 -114.753 -145.281 -146.938 -134.317 178.495 168.817 -144.339 -141.238 -121.937 -127.127 157.752 -94.1884 -114.114 -129.848 -144.775 -166.812 -69.6551 134.992 -151.774 166.595 82.9533 -93.3668 -102.335 70.2943 -158.402 -121.528 173.223 -146.713 -129.343 -150.381 -173.726 0 29.198 47.3426 4.48362 32.9433 
29.8494 59.6311 -4.23919 15.2573 11.9519 18.7751 31.414 20.5215 7.85725 63.5968 35.3095 29.7787 32.0728 16.5977 63.0778 -4.96196 89.0289 22.4004 58.7263 3.51949 23.6782 44.6517 -8.17534 -1.62689 1.33581 6.78272 19.5347 19.6797 -3.51914 51.1845 30.0214 20.8435 -1.66541 -11.2015 9.05795 33.0942 -5.11395 -4.69221 -9.8411 -4.68835 36.817 18.338 33.6424 31.0329 39.6685 31.8567 9.01761 -3.93393 31.5651 80.9265 -7.73722 53.0085 23.293 -14.8995 19.6543 94.0239 29.198 0 174.993 -138.68 -154.522 
46.5177 161.384 -3.63758 44.3946 23.2809 32.9353 71.4521 104.851 28.0383 118.439 59.6898 162.775 67.0366 47.7215 111.716 174.344 127.8 71.2753 99.8134 18.8654 39.5136 125.875 -16.4002 5.81955 13.4566 21.5242 106.198 131.627 147.393 88.8681 48.8681 84.1718 168.798 -29.935 34.7749 53.8265 -5.20962 -4.17755 -67.432 174.767 70.4011 32.2856 53.6605 114.034 65.6653 49.9626 20.2203 -2.77338 49.2554 153.139 -15.2802 88.2938 94.1974 -92.8887 172.132 134.728 47.3426 174.993 0 -104.931 -103.901 
10.2789 -141.479 -55.0013 -77.1924 -33.1236 -19.0408 -96.2366 -118.008 -76.2166 -163.71 11.8038 -136.455 -75.4517 -78.8707 -172.131 -107.693 179.967 -101.587 171.332 -79.751 -7.73337 -141.203 -88.5226 -84.4804 -81.1776 -66.8692 -117.743 -124.556 -107.196 161.869 5.50864 -110.308 -119.772 -91.7778 -82.4382 12.138 -60.0652 -78.1349 -102.411 -127.278 -60.5823 -19.809 15.8505 -128.835 32.0228 13.6443 -44.7166 -65.7171 13.5515 -148.291 -89.3788 144.279 -116.162 -103.506 -137.314 -172.598 4.48362 -138.68 -104.931 0 74.0228 
33.6805 -161.649 -32.7749 -21.6888 -2.38406 11.9369 60.2613 -140.883 -39.0129 152.504 48.5069 -155.779 52.6838 -18.8918 140.263 -109.35 151.271 -56.5812 118.882 -50.7547 21.8989 -178.858 -74.0673 -63.4828 -55.4781 -30.1655 -139.049 -146.661 -108.425 100.271 34.7417 -125.485 -131.476 -80.5804 -46.4149 41.4727 -37.5668 -56.4841 -99.295 -141.699 63.6741 11.069 42.0372 -166.515 58.5973 37.7979 -11.495 -41.6916 37.0941 -171.473 -75.2848 97.8114 -144.877 -101.582 -153.986 160.267 32.9433 -154.522 -103.901 74.0228 0 
