0 131.37 72.2886 46.3325 53.2084 93.4619 73.008 -4.54619 33.3312 126.591 45.521 -15.1887 51.6293 43.2618 52.6988 45.9141 57.1655 13.0562 -170.332 -167.42 125.561 -167.435 -25.8615 58.7232 24.7658 107.107 99.8488 41.2682 20.9507 60.2194 -44.0858 40.23 143.017 43.7505 3.60811 143.786 112.562 -4.70652 41.168 47.4883 -151.82 128.333 143.314 65.2215 74.5935 104.554 3.10228 8.92245 44.2826 -62.8286 53.6886 152.01 69.5283 28.7423 -24.7802 -29.5695 10.0629 87.5043 172.075 158.797 32.1746 89.0706 -136.832 -165.633 50.3831 81.9372 137.226 38.5114 -10.9376 -14.7292 12.0211 129.622 119.616 121.053 14.7982 90.8193 150.007 124.756 -146.71 62.4049 61.8146 15.089 131.8 9.42782 113.689 114.508 -153.061 3.84095 143.662 128.078 6.75169 55.859 -7.42449 66.8446 80.4719 16.4163 -4.51364 51.4198 17.9034 136.488 54.7917 
131.37 0 23.9472 11.2779 -4.37695 1.04882 -20.4475 -29.2131 6.5392 115.034 10.2197 -29.0369 -6.48762 13.2704 -31.4447 4.13397 13.9848 -17.632 -85.7466 -95.1171 104.711 -106.425 -41.7625 -3.0301 -8.30507 50.9486 29.8922 4.48171 -27.4838 18.3009 -46.74 9.33941 166.977 -31.1459 -21.81 -170.902 71.5854 -21.6323 10.4289 4.80886 -75.6843 -38.5753 -77.5383 14.8866 13.2537 54.5613 -16.8147 -14.7658 5.71707 -51.9992 -4.42249 -88.9436 3.92549 -10.873 -34.7173 -40.3716 -25.8501 -20.1547 -103.334 -115.184 -4.56968 -36.7289 -89.1004 -79.6752 -2.101 26.0969 -158.361 6.72311 -25.4457 -34.0612 -29.2782 103.569 52.403 94.7639 -14.1585 -30.5558 -112.456 103.666 -82.5144 8.45479 -18.4641 -7.59364 133.921 -16.3913 40.1908 15.892 -90.8713 -17.1853 170.145 121.474 -16.9383 18.443 -34.0873 -17.4548 -14.8481 -17.7997 -28.6661 -6.03851 -16.3842 147.403 -25.8995 
72.2886 23.9472 0 -11.0166 -79.1233 -133.697 -108.135 -72.4162 -10.7894 -175.832 -13.8348 -58.681 -80.305 -0.454776 -102.009 -38.9701 -21.8389 -58.9789 -126.795 -129.301 -170.336 -133.043 -89.8288 -86.4396 -46.2785 -173.668 -161.589 -28.6059 -86.6146 -4.11671 -85.8913 -9.76166 -167.002 -99.2859 -60.1345 -159.132 179.974 -49.079 -7.29244 -39.7774 -119.137 -144.773 -141.696 -58.4382 -116.142 178.885 -44.4003 -45.5709 -29.3697 -99.3325 -80.0048 -140.166 -101.812 -59.0022 -64.0429 -80.1093 -76.6444 -117.1 -137.411 -144.646 -45.103 -111.774 -119.511 -123.477 -69.1495 -164.536 -156.26 -16.3246 -52.687 -76.1962 -84.7308 -159.496 -162.35 -176.666 -51.0594 -114.771 -146.914 -172.155 -120.208 -72.6733 -100.898 -31.6354 -164.953 -51.0991 -162.045 -153.309 -124.333 -46.4957 -165.807 -178.247 -49.4313 4.70444 -82.6451 -103.992 -113.974 -63.1367 -70.9265 -79.2211 -61.0102 -171.648 -100.289 
46.3325 11.2779 -11.0166 0 -141.879 -163.199 -144.758 -102.05 -10.4813 178.854 -94.3354 -77.9135 -139.456 26.0482 -135.225 -132.063 179.898 -93.7931 -143.963 -144.851 -177.929 -146.767 -116.829 -147.361 -86.4579 178.145 -177.094 -99.8536 -122.743 163.485 -108.444 -6.00259 -174.065 -132.996 -89.4987 -169.046 175.293 -67.1192 3.82804 -137.915 -137.945 -162.281 -158.349 -176.482 -171.13 174.094 -63.3364 -69.3248 -120.783 -123.262 -142.307 -156.331 -159.633 -107.515 -82.3473 -104.278 -111.824 -149.922 -152.197 -158.25 -96.8118 -141.117 -134.832 -141.678 -139.88 175.785 -168.091 -32.8122 -70.0845 -103.385 -119.134 -171.01 -174.017 177.894 -83.4996 -145.207 -160.747 -179.092 -137.457 -163.138 -141.303 -46.9606 -174.015 -79.2908 -174.721 -169.66 -140.144 -67.5226 -173.237 177.468 -74.5711 138.959 -112.666 -143.808 -150.374 -101.275 -100.219 -139.419 -99.8671 -177.667 -136.614 
53.2084 -4.37695 -79.1233 -141.879 0 169.557 -149.581 -67.5924 18.2592 160.745 36.035 -50.2118 -96.1318 34.719 -126.506 30.2784 64.0434 -41.6529 -145.045 -146.233 163.511 -148.778 -96.8476 157.133 -15.8515 150.757 151.49 23.2849 -95.2275 70.4924 -89.1873 27.8499 173.031 -121.172 -47.082 178.399 150.987 -36.7214 29.9523 34.6792 -135.794 -176.627 -168.543 91.1281 126.601 145.093 -28.8367 -27.0506 29.5227 -110.535 -178.399 -164.679 140.862 -29.9889 -58.2859 -80.6375 -74.1805 -161.094 -157.219 -166.314 -5.025 -140.289 -131.961 -141.568 25.8647 123.959 177.876 23.1254 -42.4982 -74.3355 -90.4118 172.419 165.529 157.552 -29.7726 -149.165 -170.702 162.027 -135.309 93.1266 -140.099 -10.7827 169.745 -32.8974 162.232 169.066 -139.365 -30.5744 174.026 160.043 -32.3193 59.0297 -85.344 -147.699 -164.555 -46.8435 -65.1635 -80.8058 -42.3949 167.571 -128.216 
93.4619 1.04882 -133.697 -163.199 169.557 0 -59.1984 -44.4742 8.66568 155.193 15.226 -38.9151 -14.842 18.5888 -66.7209 6.28267 23.6675 -27.4143 -122.563 -126.92 158.994 -132.733 -65.2559 -8.34574 -13.2748 129.105 116.445 6.47868 -49.8937 30.704 -66.0816 13.1284 174.762 -63.6359 -32.4203 -176.3 135.269 -29.0743 14.6758 7.51518 -110.468 -160.015 -149.639 28.8612 33.5086 120.256 -23.0755 -21.104 8.61373 -79.7038 -10.6366 -145.697 8.90902 -18.662 -45.7462 -57.9871 -42.8814 -75.4687 -139.738 -152.127 -7.88894 -84.3504 -113.554 -117.065 -5.16545 61.9025 -175.792 9.43419 -33.7033 -50.7225 -50.7378 174.904 161.158 148.862 -21.4891 -84.1404 -157.27 156.529 -113.175 16.7357 -47.4329 -10.674 169.879 -24.0994 152.614 168.269 -119.724 -23.9332 176.285 154.656 -24.3323 28.7922 -54.2254 -48.5091 -56.7133 -28.713 -43.3021 -13.7846 -26.4147 166.52 -58.3967 
73.008 -20.4475 -108.135 -144.758 -149.581 -59.1984 0 -38.1769 21.6172 145.319 33.8933 -34.0268 25.3707 33.4253 -79.0792 30.3507 48.4484 -14.8846 -143.009 -144.946 146.67 -148.516 -68.4059 40.4012 2.70254 125.55 118.832 26.3345 -41.9136 53.695 -68.509 28.6805 162.285 -69.9676 -22.9846 167.163 130.106 -22.2928 30.1008 32.4347 -129.29 166.135 -179.142 59.9441 76.0027 120.473 -14.6854 -10.9064 29.9269 -89.6407 31.0161 -172.434 65.4171 0.756627 -42.6103 -57.5442 -33.3806 157.859 -160.343 -173.135 11.1391 -124.082 -126.47 -137.738 29.5459 87.9398 164.179 25.63 -28.1199 -47.2621 -44.6012 155.858 144.549 139.912 -8.81803 -148.145 179.996 145.155 -129.617 53.7693 -1.73949 -0.35339 154.71 -13.245 137.962 143.807 -135.676 -15.1394 163.35 145.667 -14.4408 48.3871 -51.5559 21.2892 115.008 -14.833 -36.7622 25.7901 -11.9393 155.236 -56.5792 
-4.54619 -29.2131 -72.4162 -102.05 -67.5924 -44.4742 -38.1769 0 55.6339 143.875 77.7282 -28.5749 113.972 68.8989 154.008 87.6818 94.4857 57.0121 -178.409 -176.178 144.516 -175.156 -162.411 116.25 63.2044 133.666 131.714 77.4693 145.583 94.998 -123.171 67.5554 154.485 153.945 26.8823 156.409 135.435 -4.87396 68.1118 89.5952 -172.538 152.304 160.002 105.331 117.049 130.724 11.0637 25.7793 81.8672 -161.716 113.005 164.169 119.071 84.7833 -47.8794 -112.03 128.917 143.906 173.74 166.524 74.4463 158.112 -159.47 -177.12 105.338 117.381 153.676 67.5469 -17.4241 -114.466 151.035 149.083 143.171 140.741 47.0932 151.916 161.904 143.692 -168.086 107.661 137.189 30.7887 148.975 32.4883 139.995 142.685 -169.183 13.738 155.061 144.153 23.2645 87.5375 -177.805 137.432 138.816 75.9606 -3.82918 113.016 73.1665 150.042 146.019 
33.3312 6.5392 -10.7894 -10.4813 18.2592 8.66568 21.6172 55.6339 0 176.927 173.392 -97.0617 -159.713 138.546 -150.326 -168.349 173.745 -124.874 -152.514 -152.747 179.367 -153.841 -133.464 -164.39 -131.43 175.902 179.084 -166.981 -142.29 166.916 -124.024 165.828 -177.035 -148.796 -116.818 -173.151 173.909 -88.3506 158.073 -169.992 -147.722 -168.798 -165.187 176.952 -178.557 172.888 -88.5154 -100.904 -171.248 -137.149 -161.873 -163.281 -171.405 -141.586 -99.1941 -121.801 -134.552 -161.536 -159.175 -164.315 -144.629 -153.807 -143.475 -150.829 -162.498 173.544 -172.729 -174.62 -89.0536 -123.382 -138.99 -175.252 -177.9 176.055 -119.13 -157.343 -166.628 178.455 -146.679 -175.58 -156.711 -77.6235 -177.436 -111.382 -178.649 -174.893 -148.55 -94.4824 -176.366 175.884 -104.755 159.264 -132.016 -158.366 -162.525 -131.058 -122.894 -159.927 -131.162 179.92 -152.285 
126.591 115.034 -175.832 178.854 160.745 155.193 145.319 143.875 176.927 0 -2.15557 -34.3194 -20.9313 2.21795 -41.2244 -9.15732 -1.37436 -26.2956 -78.9798 -85.8458 -44.4288 -94.5863 -46.9786 -19.0367 -18.2337 0.873147 -8.58644 -7.62076 -36.5684 2.56133 -50.2744 -1.65885 -139.352 -40.6645 -29.3628 -106.11 15.1528 -27.6987 -0.617403 -8.8106 -72.548 -55.5273 -70.3949 -3.09251 -8.15596 11.2656 -23.6555 -22.454 -6.99558 -55.1212 -19.3822 -76.7671 -15.2133 -21.622 -39.15 -45.0375 -34.2379 -36.1521 -88.5946 -91.4789 -15.5961 -46.0695 -83.4878 -75.0154 -16.5636 1.54913 -80.3957 -4.30019 -30.9195 -40.0333 -37.6002 -62.692 -32.9856 10.4339 -22.8426 -42.5668 -85.5219 -33.2225 -77.7243 -8.92854 -32.1697 -15.4158 -81.3133 -24.3739 -22.4114 -32.9054 -83.8211 -24.2366 -134.933 149.88 -24.5085 4.31507 -40.7576 -31.9264 -31.8131 -26.9412 -35.5591 -20.4839 -25.6886 -150.885 -37.2249 
45.521 10.2197 -13.8348 -94.3354 36.035 15.226 33.8933 77.7282 173.392 -2.15557 0 -77.5459 -141.375 31.6818 -136.271 -136.121 174.257 -93.7715 -144.683 -145.528 -178.993 -147.406 -117.346 -149.478 -85.9949 176.781 -178.64 -100.873 -123.593 158.6 -108.726 2.51833 -174.916 -134.008 -89.3373 -169.947 174.071 -66.4481 11.9951 -142.283 -138.621 -163.393 -159.327 -179.897 -173.511 172.709 -62.4465 -68.4388 -125.478 -123.832 -144.384 -157.244 -161.868 -108.206 -82.1095 -104.499 -112.384 -151.272 -152.97 -159.089 -96.9976 -142.173 -135.354 -142.396 -142.236 173.628 -169.082 -24.5613 -69.5459 -103.617 -119.859 -172.076 -175.206 176.802 -83.0329 -146.382 -161.653 179.844 -138.078 -166.224 -142.687 -45.3427 -175.025 -78.7269 -176.002 -170.939 -140.758 -66.7036 -174.09 176.502 -73.8888 133.365 -113.152 -145.23 -151.841 -101.556 -100.39 -141.373 -100.102 -178.566 -137.777 
-15.1887 -29.0369 -58.681 -77.9135 -50.2118 -38.9151 -34.0268 -28.5749 -97.0617 -34.3194 -77.5459 0 131.13 92.432 152.763 113.023 113.989 121.81 172.252 174.513 146.263 176.098 169.564 131.286 107.673 138.565 137.655 105.589 149.112 113.152 -171.318 93.6479 153.787 152.683 124.968 155.167 139.546 49.8211 93.4559 113.966 175.277 152.035 157.423 121.291 129.08 136.299 66.8032 88.2193 108.162 175.802 130.082 160.394 131.496 121.61 -111.867 -179.07 145.508 146.908 167.492 162.428 110.474 155.254 -173.328 172.657 125.645 127.999 153.074 95.5464 19.8438 164.267 151.288 149.716 145.464 143.389 108.428 151.713 159.009 145.629 179.168 124.087 143.696 70.1979 149.599 104.215 143.261 145.314 179.358 78.0122 154.224 145.83 95.8789 107.18 159.709 143.62 143.922 127.415 149.914 130.564 124.408 150.359 148.62 
51.6293 -6.48762 -80.305 -139.456 -96.1318 -14.842 25.3707 113.972 -159.713 -20.9313 -141.375 131.13 0 36.5894 -129.015 35.0149 65.6494 -38.4864 -146.458 -147.516 161.644 -149.951 -96.8851 133.307 -11.8226 148.472 148.602 26.9867 -95.1415 71.4243 -88.9221 30.1288 171.552 -123.313 -44.7313 176.719 149.047 -35.1009 32.12 39.304 -137.059 -179.118 -170.669 90.4193 122.595 142.979 -26.9286 -24.6895 33.2801 -111.168 95.705 -166.616 133.263 -24.1709 -57.237 -79.9923 -72.4507 -165.681 -158.751 -167.984 -0.0611884 -143.092 -132.822 -142.971 42.5515 121.444 175.939 25.7545 -41.0872 -73.265 -89.9383 170.354 163.248 155.745 -26.6397 -152.67 -172.537 160.19 -136.419 91.8181 -145.73 -8.69221 167.898 -30.268 159.759 166.339 -140.472 -28.5361 172.53 158.478 -29.9645 60.4375 -84.6849 -153.719 -170.196 -43.3257 -63.5187 38.5232 -38.6408 166.046 -131.468 
43.2618 13.2704 -0.454776 26.0482 34.719 18.5888 33.4253 68.8989 138.546 2.21795 31.6818 92.432 36.5894 0 -138.633 -142.269 -168.422 -107.109 -145.144 -145.859 -174.794 -147.507 -122.519 -149.143 -106.292 -177.381 -172.927 -130.57 -128.835 -178.651 -114.408 -99.7032 -171.876 -136.843 -101.665 -167.277 179.759 -78.6321 -101.811 -145.256 -139.885 -161.067 -157.759 -169.093 -166.714 179.254 -76.9873 -85.1107 -139.618 -127.517 -145.565 -156.025 -158.168 -120.656 -90.6422 -111.286 -120.137 -150.68 -152.399 -157.744 -117.028 -143.289 -136.769 -143.166 -144.279 -177.186 -166.283 -104.913 -80.2949 -111.42 -125.705 -168.719 -171.092 -178.381 -99.6484 -146.747 -159.908 -175.816 -139.324 -160.218 -143.953 -64.9137 -171.474 -94.3563 -171.504 -167.18 -141.633 -81.5311 -171.126 -179.144 -89.2765 174.066 -119.672 -145.918 -151.089 -113.348 -109.569 -143.436 -112.687 -174.995 -139.982 
52.6988 -31.4447 -102.009 -135.225 -126.506 -66.7209 -79.0792 154.008 -150.326 -41.2244 -136.271 152.763 -129.015 -138.633 0 43.6815 58.4886 -0.592169 -156.501 -156.461 139.161 -158.329 -63.4981 62.1824 16.1982 120.501 114.362 38.0428 -13.293 62.2758 -65.6264 37.5329 154.708 -25.1858 -11.0744 157.742 124.957 -14.8456 38.717 45.7506 -142.348 150.762 165.122 69.4415 83.2258 116.675 -6.37387 -1.01787 41.8171 -94.128 54.2493 172.41 77.8555 18.8123 -37.0882 -51.6246 -14.429 120.968 -172.919 174.693 25.4582 174.168 -134.425 -151.833 49.271 91.0281 153.462 35.2404 -21.4108 -37.738 -22.9452 145.838 135.691 133.635 3.75297 145.54 167.354 138 -140.448 66.2473 74.0733 8.04646 146.072 -1.98444 129.81 133.223 -145.901 -6.23655 155.56 139.523 -4.22062 56.6284 -39.4579 84.2023 105.557 1.75866 -24.8525 50.669 4.35233 148.183 61.3232 
45.9141 4.13397 -38.9701 -132.063 30.2784 6.28267 30.3507 87.6818 -168.349 -9.15732 -136.121 113.023 35.0149 -142.269 43.6815 0 118.85 -76.4727 -146.102 -146.956 173.899 -148.955 -112.698 -158.076 -55.8228 166.825 170.471 7.47311 -119.055 113.62 -103.294 25.8682 179.879 -133.324 -74.6309 -175.032 164.984 -53.7691 29.6969 153.793 -139.055 -169.035 -163.686 150.157 168.901 162.086 -47.3334 -50.0465 26.9441 -121.205 -150.33 -161.01 -175.484 -88.4653 -73.2653 -97.5908 -103.721 -156.119 -155.605 -162.709 -57.484 -143.861 -135.248 -143.477 -148.237 156.098 -174.651 16.2828 -58.3955 -95.2424 -114.298 -178.469 177.165 169.053 -61.8954 -149.388 -165.9 172.615 -138.388 169.985 -145.298 -27.064 178.657 -60.183 175.584 -178.697 -141.445 -50.8564 -179.237 169.715 -56.4584 87.202 -106.546 -148.773 -157.4 -85.9158 -89.9692 -145.098 -82.9749 175.584 -138.362 
57.1655 13.9848 -21.8389 179.898 64.0434 23.6675 48.4484 94.4857 173.745 -1.37436 174.257 113.989 65.6494 -168.422 58.4886 118.85 0 -72.0447 -137.504 -139.031 -177.42 -141.713 -103.643 -125.428 -57.8324 177.586 -175.949 -34.8781 -105.427 100.556 -96.9067 -2.44501 -172.976 -118.684 -71.3563 -166.88 174.02 -55.0812 1.46651 -65.8787 -130.409 -157.657 -153.413 -170.914 -164.477 172.205 -50.0962 -52.7036 -38.1365 -112.279 -116.885 -151.3 -145.544 -77.5802 -71.4615 -91.4431 -93.1475 -139.109 -147.186 -154.109 -59.2534 -129.916 -128.474 -134.665 -107.312 173.24 -165.447 -12.8075 -58.8449 -88.6026 -102.166 -168.845 -172.369 177.413 -61.6758 -134.275 -156.796 -178.856 -130.494 -142.617 -125.831 -34.5356 -172.667 -60.4333 -173.122 -166.518 -133.912 -53.039 -171.993 176.965 -57.577 48.1502 -97.2885 -129.194 -138.56 -78.4162 -83.6673 -113.681 -76.1056 -177.203 -121.809 
13.0562 -17.632 -58.9789 -93.7931 -41.6529 -27.4143 -14.8846 57.0121 -124.874 -26.2956 -93.7715 121.81 -38.4864 -107.109 -0.592169 -76.4727 -72.0447 0 -168.215 -167.148 155.073 -167.184 -144.676 140.379 70.7591 145.761 145.446 88.1689 -174.046 107.177 -123.097 71.678 163.399 -179.035 -67.7838 166.268 146.401 -31.9353 72.2749 105.775 -162.163 165.544 172.281 120.915 134.013 142.418 -14.3853 -1.9004 94.1826 -148.928 138.87 175.828 139.033 121.096 -70.8465 -117.566 -161.317 164.204 -176.337 176.745 89.8671 178.463 -152.966 -166.5 129.962 131.498 164.63 72.2016 -43.2167 -120.505 -165.919 160.435 155.192 151.114 25.6237 172.199 172.757 154.138 -159.273 125.951 163.389 18.0413 159.461 -6.91729 152.593 156.122 -160.984 -15.598 164.051 153.528 -13.2435 97.3424 -144.957 162.171 160.078 164.767 -117.239 140.36 142.299 159.174 173.076 
-170.332 -85.7466 -126.795 -143.963 -145.045 -122.563 -143.009 -178.409 -152.514 -78.9798 -144.683 172.252 -146.458 -145.144 -156.501 -146.102 -137.504 -168.215 0 -156.245 96.8592 -162.598 -5.11096 37.9702 19.6718 78.6445 69.6442 31.5361 14.6646 45.345 -19.5411 32.1581 119.597 21.0806 5.82381 114.227 86.0124 -0.696135 32.9571 34.8948 -32.9063 80.4006 89.4847 46.8552 51.0829 78.2071 4.94896 9.14924 33.4666 -13.4086 35.1635 97.1011 45.5061 21.3805 -14.5144 -12.3336 9.87392 44.1718 134.951 120.887 24.5024 30.6138 -94.8384 -15.3185 34.3334 58.7886 101.746 30.5567 -5.2419 -3.92392 10.7341 94.9513 86.0229 94.4173 13.047 38.1408 108.595 96.8146 -71.4529 43.4588 33.3229 13.6665 101.554 9.50739 80.4069 76.7971 -108.263 5.55464 119.747 104.23 7.67537 43.1235 1.46594 35.8759 43.4021 13.7217 1.44794 33.591 14.6911 112.593 27.1231 
-167.42 -95.1171 -129.301 -144.851 -146.233 -126.92 -144.946 -176.178 -152.747 -85.8458 -145.528 174.513 -147.516 -145.859 -156.461 -146.956 -139.031 -167.148 -156.245 0 89.5274 -167.492 -1.2389 36.4247 20.0066 73.1551 64.6875 30.9309 15.8245 43.646 -14.7219 31.5925 111.366 21.489 7.37514 104.001 80.2596 0.944446 32.344 33.9495 -9.53477 71.0246 76.0983 44.7945 48.3307 73.1233 6.2241 10.2185 32.6955 -7.23755 33.9482 80.1077 43.1568 21.6018 -11.7642 -8.56882 11.4112 41.0379 103.905 102.93 24.4398 29.3452 -76.6245 8.80794 33.28 55.5232 91.513 30.0819 -3.31411 -1.06161 12.358 86.1765 78.7612 87.8961 13.9236 35.6487 93.8005 89.7005 -37.6919 41.5825 32.0186 14.3139 93.1612 10.6361 73.8737 69.9244 -69.8799 6.8418 111.26 97.5845 8.89583 41.709 4.12059 34.2073 40.6198 14.6705 3.63838 32.5367 15.5316 105.059 26.6296 
125.561 104.711 -170.336 -177.929 163.511 158.994 146.67 144.516 179.367 -44.4288 -178.993 146.263 161.644 -174.794 139.161 173.899 -177.42 155.073 96.8592 89.5274 0 -99.6899 -47.202 -16.0638 -16.2848 15.8672 0.234541 -4.75855 -35.7881 6.82963 -50.7058 1.1765 -158.413 -40.2289 -28.2938 -125.033 40.0709 -26.7633 2.26793 -5.66409 -75.597 -58.7844 -76.4734 1.41514 -3.23423 26.3327 -22.458 -21.0721 -3.96514 -56.1044 -16.6121 -83.3012 -11.3736 -19.6931 -38.8516 -45.0821 -33.3484 -34.8494 -94.9392 -100.166 -13.3207 -46.2929 -86.7106 -78.6162 -13.6914 8.17102 -95.9336 -1.55637 -30.1811 -39.699 -36.9541 -74.9198 -25.7845 73.1916 -21.3115 -42.292 -95.0767 95.4132 -81.0316 -4.95919 -30.6077 -13.766 -117.977 -23.0207 -12.6755 -28.7899 -87.6768 -23.0257 -154.093 141.33 -23.2257 8.22809 -40.4427 -30.2666 -29.9039 -25.537 -34.8865 -17.8772 -24.196 -176.242 -36.3481 
-167.435 -106.425 -133.043 -146.767 -148.778 -132.733 -148.516 -175.156 -153.841 -94.5863 -147.406 176.098 -149.951 -147.507 -158.329 -148.955 -141.713 -167.184 -162.598 -167.492 -99.6899 0 0.860456 33.4992 19.2868 66.1393 58.2667 29.2593 15.3521 40.806 -11.0765 30.0769 100.614 20.007 7.90019 90.9619 72.9198 1.89157 30.7843 31.8475 -1.16379 60.235 61.6669 41.492 44.239 66.5564 6.73976 10.419 30.8311 -3.57191 31.3709 62.4718 39.4317 20.6238 -9.59705 -5.94551 11.5501 36.3285 67.7732 80.92 23.2765 26.1044 -51.9929 10.4984 30.9275 50.9349 79.0331 28.637 -2.0202 0.588745 12.3791 75.448 69.7946 79.6259 13.787 31.4275 76.4207 80.7288 -16.8832 38.4264 29.1094 14.1745 82.6628 10.8121 65.7375 61.4959 -26.6633 7.32471 100.172 89.0707 9.22332 39.2215 5.26495 30.9457 36.289 14.4332 4.66029 30.1145 15.2059 95.3417 24.386 
-25.8615 -41.7625 -89.8288 -116.829 -96.8476 -65.2559 -68.4059 -162.411 -133.464 -46.9786 -117.346 169.564 -96.8851 -122.519 -63.4981 -112.698 -103.643 -144.676 -5.11096 -1.2389 -47.202 0.860456 0 88.1615 45.1268 119.246 115.12 60.296 80.9837 78.1284 -68.7267 55.3717 145.606 112.493 21.3461 146.56 122.551 3.07707 56.0908 69.0186 -177.806 137.606 147.329 85.6584 96.187 116.623 13.3784 22.5302 63.8445 -160.611 83.733 152.799 94.9832 55.4371 -24.2871 -34.445 49.921 118.253 165.864 157.298 53.8537 131.155 -158.356 176.026 77.9739 99.6733 142.192 54.504 -5.35459 -0.473044 71.5587 136.697 129.468 128.975 33.5422 125.702 151.35 132.052 -170.672 85.4566 103.358 26.8579 137.696 25.6142 125.326 127.07 -171.814 15.216 146.14 133.881 20.8017 72.4129 36.0572 105.715 112.057 42.9303 15.8527 82.4837 43.4374 140.526 108.118 
58.7232 -3.0301 -86.4396 -147.361 157.133 -8.34574 40.4012 116.25 -164.39 -19.0367 -149.478 131.286 133.307 -149.143 62.1824 -158.076 -125.428 140.379 37.9702 36.4247 -16.0638 33.4992 88.1615 0 -16.6724 150.182 150.831 17.8575 -86.7906 62.3608 -85.6502 23.971 173.831 -112.326 -44.955 179.608 150.525 -35.9339 26.038 25.3991 -132.368 -174.374 -166.059 79.6447 119.181 144.044 -28.4625 -26.7347 22.9536 -105.981 -25.7463 -162.159 133.237 -28.8011 -56.5437 -77.0941 -68.392 -154.168 -154.804 -164.25 -7.50903 -133.527 -129.361 -138.297 4.09611 119.186 179.249 19.2208 -41.4656 -70.5047 -83.2193 173.517 166.217 157.58 -29.0909 -142.268 -168.708 162.35 -132.26 75.2212 -126.479 -11.5546 170.555 -32.0343 162.697 170.238 -136.639 -30.0556 174.884 160.207 -31.5856 52.5725 -80.0857 -135.219 -156.565 -43.8676 -61.5727 -39.5061 -39.9382 168.122 -117.623 
24.7658 -8.30507 -46.2785 -86.4579 -15.8515 -13.2748 2.70254 63.2044 -131.43 -18.2337 -85.9949 107.673 -11.8226 -106.292 16.1982 -55.8228 -57.8324 70.7591 19.6718 20.0066 -16.2848 19.2868 45.1268 -16.6724 0 155.901 157.07 100.753 -152.628 119.354 -119.674 72.115 170.655 -161.712 -93.6863 174.228 155.53 -52.6277 72.9538 126.251 -154.268 176.033 -178.104 136.527 149.751 152.285 -41.4043 -43.838 109.175 -140.312 164.395 -175.063 157.487 -171.521 -80.1229 -115.121 -138.217 179.832 -168.516 -175.149 127.249 -167.258 -147.422 -158.387 157.14 144.25 173.439 73.0275 -59.6151 -116.364 -146.195 169.623 165.026 159.659 -74.9105 -172.969 -178.638 162.702 -152.312 144.604 -176.754 -5.39937 167.985 -66.0682 162.973 167.076 -154.386 -46.8912 171.364 161.218 -57.1384 106.615 -132.527 -178.787 176.863 -130.261 -113.536 167.211 -130.494 166.628 -168.26 
107.107 50.9486 -173.668 178.145 150.757 129.105 125.55 133.666 175.902 0.873147 176.781 138.565 148.472 -177.381 120.501 166.825 177.586 145.761 78.6445 73.1551 15.8672 66.1393 119.246 150.182 155.901 0 -32.0321 -10.6203 -50.2783 3.35676 -62.1652 -2.425 -161.123 -58.0241 -37.385 -144.705 152.249 -33.5605 -1.06813 -12.8 -92.6912 -103.662 -109.351 -5.39312 -15.0449 72.6921 -29.0181 -28.1384 -9.93547 -70.7989 -29.5116 -111.129 -25.9218 -29.4613 -46.7944 -56.121 -45.5719 -59.695 -114.37 -122.358 -21.1471 -68.1329 -99.5064 -96.8453 -24.7453 2.19165 -134.383 -5.89557 -37.1346 -50.7709 -50.7946 -136.007 -130.225 176.886 -29.471 -65.9619 -122.516 -169.306 -96.5162 -14.4853 -49.2721 -19.1337 -152.245 -30.9513 -111.196 -95.55 -102.517 -29.9543 -158.853 175.827 -30.7675 5.70641 -53.1645 -49.8441 -52.8976 -35.6362 -45.4633 -30.8231 -34.0019 -169.568 -54.789 
99.8488 29.8922 -161.589 -177.094 151.49 116.445 118.832 131.714 179.084 -8.58644 -178.64 137.655 148.602 -172.927 114.362 170.471 -175.949 145.446 69.6442 64.6875 0.234541 58.2667 115.12 150.831 157.07 -32.0321 0 -7.08103 -53.6847 10.9883 -65.6326 1.53945 -170.296 -63.6093 -38.0756 -157.398 149.968 -33.7083 3.0491 -8.9612 -100.634 -125.299 -125.242 2.39796 -7.51797 124.847 -28.7093 -27.6902 -6.0479 -76.1803 -28.8427 -124.919 -23.5916 -29.0176 -48.1539 -58.9943 -47.7652 -69.2303 -124.706 -134.324 -19.3778 -76.7217 -105.821 -105.582 -22.9757 20.298 -151.499 -2.2651 -37.6071 -53.2035 -54.0519 -157.186 -163.607 166.317 -29.1267 -75.3872 -136.473 176.543 -103.929 -9.2695 -54.0665 -17.7872 -168.109 -30.8164 -163.13 -135.476 -109.99 -29.7312 -168.397 168.692 -30.6191 12.4258 -56.3137 -55.1232 -60.4132 -36.1925 -47.2646 -30.5142 -34.3055 -178.463 -60.275 
41.2682 4.48171 -28.6059 -99.8536 23.2849 6.47868 26.3345 77.4693 -166.981 -7.62076 -100.873 105.589 26.9867 -130.57 38.0428 7.47311 -34.8781 88.1689 31.5361 30.9309 -4.75855 29.2593 60.296 17.8575 100.753 -10.6203 -7.08103 0 -128.001 135.502 -109.685 35.8491 -179.508 -139.485 -86.8241 -174.811 167.451 -61.3975 40.7772 -177.879 -142.12 -169.438 -164.612 161.31 173.184 165.211 -55.8191 -61.1835 157.645 -126.603 -157.046 -162.153 -174.751 -111.119 -79.8927 -104.997 -114.81 -158.793 -157.077 -163.585 -94.3592 -147.917 -137.979 -146.15 -157.271 161.982 -174.443 22.752 -65.4308 -104.06 -123.446 -177.856 178.331 170.885 -77.7545 -152.845 -166.526 174.076 -141.257 175.708 -150.509 -34.3738 179.504 -73.2779 177.026 -177.923 -143.919 -60.3063 -178.691 171.276 -67.9491 112.29 -115.222 -153.265 -160.085 -101.747 -100.3 -153.277 -99.8718 176.578 -144.209 
20.9507 -27.4838 -86.6146 -122.743 -95.2275 -49.8937 -41.9136 145.583 -142.29 -36.5684 -123.593 149.112 -95.1415 -128.835 -13.293 -119.055 -105.427 -174.046 14.6646 15.8245 -35.7881 15.3521 80.9837 -86.7906 -152.628 -50.2783 -53.6847 -128.001 0 77.1291 -84.7632 47.8108 156.611 169.255 -10.0614 159.388 132.462 -15.2226 48.9101 63.4427 -155.487 155.035 165.53 87.5988 102.954 126.038 -4.62861 2.65844 56.792 -124.298 85.7907 170.995 102.714 36.456 -42.8731 -68.5535 -15.9484 142.611 -177.307 173.015 39.9255 169.608 -144.675 -162.456 75.96 106.281 156.205 46.0313 -23.2998 -52.1009 -58.9833 150.205 142.356 139.404 10.5133 157.256 167.212 143.161 -152.109 87.6501 127.101 12.7832 149.953 2.13287 138.007 141.544 -155.385 -4.28763 157.356 143.803 -1.26171 69.6937 -66.857 128.771 133.406 11.3594 -31.9606 83.6868 14.7527 151.119 146.694 
60.2194 18.3009 -4.11671 163.485 70.4924 30.704 53.695 94.998 166.916 2.56133 158.6 113.152 71.4243 -178.651 62.2758 113.62 100.556 107.177 45.345 43.646 6.82963 40.806 78.1284 62.3608 119.354 3.35676 10.9883 135.502 77.1291 0 -95.8261 -12.5884 -169.689 -115.105 -72.0817 -163.314 178.956 -56.6754 -8.89661 -70.0748 -127.755 -153.057 -149.442 -144.638 -151.516 178 -52.2295 -55.0054 -48.8651 -110.165 -110.333 -147.626 -135.042 -77.8454 -71.9155 -90.6346 -91.8057 -133.6 -144.117 -150.766 -62.5061 -125.847 -126.402 -131.835 -101.589 -175.498 -161.452 -22.5002 -60.0946 -87.9015 -100.031 -164.509 -167.434 -178.263 -63.5405 -129.639 -153.164 -174.621 -128.052 -126.431 -120.718 -38.0806 -168.632 -62.2064 -167.704 -161.07 -131.489 -55.0716 -168.689 -179.328 -59.4619 19.5808 -95.8166 -123.771 -132.546 -78.5309 -83.3123 -107.9 -76.4888 -173.74 -117.632 
-44.0858 -46.74 -85.8913 -108.444 -89.1873 -66.0816 -68.509 -123.171 -124.024 -50.2744 -108.726 -171.318 -88.9221 -114.408 -65.6264 -103.294 -96.9067 -123.097 -19.5411 -14.7219 -50.7058 -11.0765 -68.7267 -85.6502 -119.674 -62.1652 -65.6326 -109.685 -84.7632 -95.8261 0 64.3746 140.661 111.972 46.2492 140.839 120.709 19.4173 64.8352 78.0711 163.48 131.974 139.683 90.8927 99.4769 115.71 29.2596 39.6066 73.3008 149.503 91.2473 144.118 98.9472 70.9518 -6.70372 37.0851 77.2263 116.198 155.31 148.83 67.0268 124.09 -174.806 160.066 86.5704 101.911 136.694 64.1705 10.8257 53.5306 91.9496 132.147 126.138 126.182 52.0702 121.034 143.806 128.716 171.407 91.2352 105.987 39.6562 133.33 44.9698 122.682 123.872 172.758 32.2596 141.057 130.605 39.5181 79.0294 84.1456 107.495 111.829 64.2772 53.2969 90.5536 63.641 136.3 109.313 
40.23 9.33941 -9.76166 -6.00259 27.8499 13.1284 28.6805 67.5554 165.828 -1.65885 2.51833 93.6479 30.1288 -99.7032 37.5329 25.8682 -2.44501 71.678 32.1581 31.5925 1.1765 30.0769 55.3717 23.971 72.115 -2.425 1.53945 35.8491 47.8108 -12.5884 64.3746 0 -175.153 -140.587 -101.943 -170.693 175.131 -76.2027 86.2155 -157.232 -142.425 -165.124 -161.366 -179.2 -174.398 174.081 -73.8499 -82.6715 -154.47 -129.734 -152.405 -159.408 -165.355 -124.699 -89.8494 -112.354 -122.704 -155.423 -155.297 -160.89 -121.736 -147.12 -138.751 -145.852 -151.896 175.425 -169.99 -112.351 -78.3133 -112.656 -128.663 -172.693 -175.489 177.453 -99.6382 -150.949 -163.288 -179.858 -141.661 -169.373 -148.822 -58.4207 -175.29 -93.4638 -176.198 -171.819 -143.95 -78.9064 -174.405 177.116 -87.6304 155.355 -121.79 -150.886 -156.179 -115.535 -110.745 -149.995 -114.872 -178.461 -144.194 
143.017 166.977 -167.002 -174.065 173.031 174.762 162.285 154.485 -177.035 -139.352 -174.916 153.787 171.552 -171.876 154.708 179.879 -172.976 163.399 119.597 111.366 -158.413 100.614 145.606 173.831 170.655 -161.123 -170.296 -179.508 156.611 -169.689 140.661 -175.153 0 -25.2887 -19.9458 -40.7152 28.9934 -20.1493 5.74067 0.322008 -55.9519 -21.1313 -37.2983 6.7494 4.31419 24.0083 -16.1423 -14.4323 1.31094 -41.5288 -7.01458 -46.3306 -1.80694 -11.4002 -30.969 -34.4019 -22.5963 -17.2599 -66.0268 -61.4862 -6.52391 -27.888 -70.9317 -56.9588 -5.21157 12.5693 -22.0698 2.65898 -23.3526 -29.3137 -24.8526 -5.42945 5.81429 32.8434 -13.9178 -23.6446 -48.6149 25.9666 -62.4368 2.03244 -16.5965 -8.54926 5.66834 -15.7068 7.24963 -2.36734 -68.8166 -16.4214 -65.2265 54.5459 -16.174 11.1137 -28.8034 -15.8864 -14.1374 -16.6746 -25.1475 -8.12227 -15.5982 58.3133 -21.5906 
43.7505 -31.1459 -99.2859 -132.996 -121.172 -63.6359 -69.9676 153.945 -148.796 -40.6645 -134.008 152.683 -123.313 -136.843 -25.1858 -133.324 -118.684 -179.035 21.0806 21.489 -40.2289 20.007 112.493 -112.326 -161.712 -58.0241 -63.6093 -139.485 169.255 -115.105 111.972 -140.587 -25.2887 0 -10.2488 157.629 126.097 -14.4748 40.5804 48.8174 -145.615 151.011 164.523 72.6539 86.7927 118.196 -5.68459 -0.00394136 44.4494 -99.427 59.6457 171.444 82.4138 21.7782 -37.5342 -53.332 -13.2167 125.491 -174.373 173.807 28.0098 169.97 -136.68 -154.669 53.7784 93.7331 153.522 37.211 -21.2787 -38.6814 -22.5606 146.246 136.59 134.415 5.26251 147.212 166.76 138.641 -143.216 70.0303 86.0879 9.1281 146.422 -0.848263 131.033 134.433 -148.199 -5.48863 155.536 140.023 -3.27686 58.943 -41.0555 94.3947 111.526 3.73384 -24.8278 56.2214 6.40708 148.4 89.475 
3.60811 -21.81 -60.1345 -89.4987 -47.082 -32.4203 -22.9846 26.8823 -116.818 -29.3628 -89.3373 124.968 -44.7313 -101.665 -11.0744 -74.6309 -71.3563 -67.7838 5.82381 7.37514 -28.2938 7.90019 21.3461 -44.955 -93.6863 -37.385 -38.0756 -86.8241 -10.0614 -72.0817 46.2492 -101.943 -19.9458 -10.2488 0 162.418 143.491 -21.0273 78.3499 107.105 -168.879 160.578 167.121 119.584 130.899 139.613 2.03128 24.8882 97.8246 -159.189 133.379 170.623 134.755 117.632 -71.6275 -130.724 172.975 157.11 178.557 172.043 96.7241 169.797 -158.471 -172.85 126.098 129.14 160.505 79.1981 -36.4165 -140.465 176.062 156.466 151.385 148.053 70.7477 164.258 168.097 150.863 -165.47 123.633 154.634 32.3739 155.834 40.1918 148.81 151.83 -166.627 4.44859 160.642 150.604 19.3499 99.4764 -164.349 153.986 153.136 132.408 -148.751 134.33 123.309 155.999 162.87 
143.786 -170.902 -159.132 -169.046 178.399 -176.3 167.163 156.409 -173.151 -106.11 -169.947 155.167 176.719 -167.277 157.742 -175.032 -166.88 166.268 114.227 104.001 -125.033 90.9619 146.56 179.608 174.228 -144.705 -157.398 -174.811 159.388 -163.314 140.839 -170.693 -40.7152 157.629 162.418 0 48.5694 -18.2858 10.2508 5.54168 -59.3914 -11.5081 -35.4396 13.7132 12.2533 39.5007 -13.8788 -11.8194 6.2538 -41.6639 -1.62068 -49.2615 5.15605 -7.61524 -30.0441 -33.6112 -20.047 -11.6741 -75.9529 -74.5711 -2.46448 -24.954 -76.2068 -61.1003 0.0805583 21.9085 1.8074 7.04978 -21.7979 -27.8654 -22.4061 22.2267 27.2154 59.5505 -10.9426 -19.572 -54.9441 58.1483 -67.0308 8.58836 -11.9145 -5.69108 50.8542 -13.0384 25.0141 12.4436 -74.9276 -14.0963 142.977 85.4353 -13.6636 16.9562 -27.0996 -10.9071 -8.21679 -13.642 -23.214 -2.94253 -12.4695 108.043 -17.8949 
112.562 71.5854 179.974 175.293 150.987 135.269 130.106 135.435 173.909 15.1528 174.071 139.546 149.047 179.759 124.957 164.984 174.02 146.401 86.0124 80.2596 40.0709 72.9198 122.551 150.525 155.53 152.249 149.968 167.451 132.462 178.956 120.709 175.131 28.9934 126.097 143.491 48.5694 0 -33.1438 -3.6342 -14.7343 -86.3139 -87.4245 -96.4048 -9.22457 -17.7904 4.10532 -28.9226 -28.1062 -12.0416 -66.5545 -29.2379 -99.6508 -26.2793 -29.2657 -45.4862 -53.6899 -43.6306 -53.6657 -105.512 -111.693 -21.8726 -62.1001 -94.2211 -89.7966 -25.1864 -5.34971 -117.136 -8.05622 -36.4867 -48.6622 -48.1402 -113.275 -94.0248 -161.421 -29.309 -59.6196 -110.015 -146.06 -90.4432 -16.741 -45.8009 -19.7978 -132.74 -30.6676 -71.702 -71.8139 -96.2854 -29.7816 -148.408 -174.439 -30.5131 1.58899 -50.5608 -46.125 -48.0862 -34.8096 -43.8008 -30.3578 -33.3473 -158.93 -50.8091 
-4.70652 -21.6323 -49.079 -67.1192 -36.7214 -29.0743 -22.2928 -4.87396 -88.3506 -27.6987 -66.4481 49.8211 -35.1009 -78.6321 -14.8456 -53.7691 -55.0812 -31.9353 -0.696135 0.944446 -26.7633 1.89157 3.07707 -35.9339 -52.6277 -33.5605 -33.7083 -61.3975 -15.2226 -56.6754 19.4173 -76.2027 -20.1493 -14.4748 -21.0273 -18.2858 -33.1438 0 103.275 126.955 -177.284 160.176 165.143 132.025 139.557 144.057 92.3628 118.185 120.886 -173.918 143.514 167.85 142.9 140.367 -122.361 -164.252 164.938 157.719 174.184 169.187 127.352 166.149 -167.854 -179.99 139.371 137.319 160.169 106.789 -93.711 -175.445 167.661 157.025 153.14 150.322 134.811 162.511 166.056 152.558 -174.158 135.673 156.269 81.0625 156.495 136.458 151.241 153.617 -174.462 114.629 160.326 152.217 132.217 116.962 176.813 155.807 155.092 150.441 175.071 144.35 147.298 156.564 161.367 
41.168 10.4289 -7.29244 3.82804 29.9523 14.6758 30.1008 68.1118 158.073 -0.617403 11.9951 93.4559 32.12 -101.811 38.717 29.6969 1.46651 72.2749 32.9571 32.344 2.26793 30.7843 56.0908 26.038 72.9538 -1.06813 3.0491 40.7772 48.9101 -8.89661 64.8352 86.2155 5.74067 40.5804 78.3499 10.2508 -3.6342 103.275 0 -153.443 -141.656 -163.979 -160.339 -176.393 -172.25 175.459 -74.5545 -83.1424 -149.483 -129.012 -150.315 -158.441 -163.28 -123.236 -89.9384 -111.918 -121.795 -154.028 -154.461 -159.996 -119.904 -145.965 -138.146 -145.05 -149.539 177.413 -168.962 -107.311 -78.7215 -112.151 -127.672 -171.598 -174.285 178.571 -99.3649 -149.698 -162.333 -178.766 -140.953 -166.735 -147.345 -60.0809 -174.247 -93.4773 -174.913 -170.532 -143.256 -79.4549 -173.509 178.117 -87.877 160.02 -121.042 -149.392 -154.682 -114.664 -110.233 -147.972 -113.987 -177.523 -142.898 
47.4883 4.80886 -39.7774 -137.915 34.6792 7.51518 32.4347 89.5952 -169.992 -8.8106 -142.283 113.966 39.304 -145.256 45.7506 153.793 -65.8787 105.775 34.8948 33.9495 -5.66409 31.8475 69.0186 25.3991 126.251 -12.8 -8.9612 -177.879 63.4427 -70.0748 78.0711 -157.232 0.322008 48.8174 107.105 5.54168 -14.7343 126.955 -153.443 0 -137.951 -168.129 -162.778 149.814 169.843 162.327 -46.6827 -49.1365 15.4568 -119.733 -146.045 -160.111 -173.477 -84.2693 -72.3274 -96.1153 -101.244 -154.378 -154.756 -161.936 -54.2375 -142.14 -134.349 -142.416 -142.185 156.211 -174 13.2231 -57.6428 -93.5298 -111.934 -177.852 177.751 169.392 -60.1699 -147.668 -165.127 173.024 -137.375 171.676 -142.859 -27.033 179.172 -58.7907 176.179 -177.93 -140.519 -50.0491 -178.777 170.022 -55.3301 82.5189 -104.569 -146.463 -155.505 -83.1866 -88.0981 -140.67 -80.1998 175.974 -136.088 
-151.82 -75.6843 -119.137 -137.945 -135.794 -110.468 -129.29 -172.538 -147.722 -72.548 -138.621 175.277 -137.059 -139.885 -142.348 -139.055 -130.409 -162.163 -32.9063 -9.53477 -75.597 -1.16379 -177.806 -132.368 -154.268 -92.6912 -100.634 -142.12 -155.487 -127.755 163.48 -142.425 -55.9519 -145.615 -168.879 -59.3914 -86.3139 -177.284 -141.656 -137.951 0 94.5078 105.17 54.8149 60.2609 86.3129 8.85253 13.7506 40.0445 -5.86193 44.4765 112.931 55.3321 28.5578 -12.1987 -8.27251 17.5707 58.9151 140.048 128.745 31.0273 48.742 -120.904 133.393 42.9048 67.2618 110.792 36.1325 -2.25266 1.39967 19.8189 104.267 95.6354 101.575 18.6159 55.1029 118.844 104.158 -131.421 51.9333 45.7287 17.9029 109.174 14.5857 90.2918 88.1377 -155.054 9.7022 124.29 110.001 12.3578 49.4278 8.74814 48.5638 56.7877 20.4041 7.12361 42.8951 21.3002 117.752 40.2736 
128.333 -38.5753 -144.773 -162.281 -176.627 -160.015 166.135 152.304 -168.798 -55.5273 -163.393 152.035 -179.118 -161.067 150.762 -169.035 -157.657 165.544 80.4006 71.0246 -58.7844 60.235 137.606 -174.374 176.033 -103.662 -125.299 -169.438 155.035 -153.057 131.974 -165.124 -21.1313 151.011 160.578 -11.5081 -87.4245 160.176 -163.979 -168.129 94.5078 0 -125.093 25.0445 26.0622 75.7724 -14.4361 -11.9004 12.2124 -54.8827 3.38954 -124.286 15.1584 -6.17566 -34.2899 -40.65 -23.4485 -11.8338 -124.189 -144.359 0.563507 -36.0045 -97.6426 -91.7794 5.39218 40.5883 160.123 12.2077 -24.0703 -33.3346 -27.2925 133.025 98.5152 111.522 -10.7729 -27.0318 -153.575 119.498 -92.4 18.2143 -12.1861 -4.35019 137.94 -13.472 80.4196 66.2938 -101.873 -14.7338 160.793 127.805 -14.2413 26.065 -33.2381 -10.4818 -5.39523 -14.3929 -27.0986 1.34441 -12.8034 145.42 -22.0233 
143.314 -77.5383 -141.696 -158.349 -168.543 -149.639 -179.142 160.002 -165.187 -70.3949 -159.327 157.423 -170.669 -157.759 165.122 -163.686 -153.413 172.281 89.4847 76.0983 -76.4734 61.6669 147.329 -166.059 -178.104 -109.351 -125.242 -164.612 165.53 -149.442 139.683 -161.366 -37.2983 164.523 167.121 -35.4396 -96.4048 165.143 -160.339 -162.778 105.17 -125.093 0 29.626 31.5326 70.8939 -9.50049 -6.58022 17.0698 -44.3831 11.5348 -122.852 22.6859 0.808442 -28.9008 -33.0633 -14.7087 5.42446 -123.733 -157.638 6.42219 -17.4256 -92.5871 -80.8463 12.6181 43.3071 122.984 16.3071 -19.1045 -25.5536 -17.2723 102.661 82.1722 98.1421 -4.74258 -7.58164 176.705 103.067 -84.5177 24.029 0.538714 0.0426416 114.668 -7.61901 71.3051 61.2108 -96.1674 -9.55993 144.048 114.12 -8.65362 29.3922 -24.1219 2.6418 9.05631 -7.14788 -19.5985 9.65766 -5.74819 129.577 -8.45221 
65.2215 14.8866 -58.4382 -176.482 91.1281 28.8612 59.9441 105.331 176.952 -3.09251 -179.897 121.291 90.4193 -169.093 69.4415 150.157 -170.914 120.915 46.8552 44.7945 1.41514 41.492 85.6584 79.6447 136.527 -5.39312 2.39796 161.31 87.5988 -144.638 90.8927 -179.2 6.7494 72.6539 119.584 13.7132 -9.22457 132.025 -176.393 149.814 54.8149 25.0445 29.626 0 -158.524 167.787 -42.5739 -43.5947 -18.0927 -104.479 -90.1491 -148.162 -127.357 -59.1562 -64.625 -82.8743 -80.1876 -129.948 -144.039 -151.733 -41.328 -121.085 -124.242 -129.849 -74.6836 163.064 -164.527 -6.46658 -52.0557 -78.788 -89.7743 -168.464 -172.681 175.271 -49.6608 -125.427 -154.62 179.727 -125.758 -92.684 -112.125 -27.9061 -172.963 -49.8637 -173.652 -165.443 -129.762 -44.8485 -172.137 175.102 -48.0353 28.6908 -86.5727 -116.092 -128.025 -64.1356 -72.9206 -88.2179 -61.5685 -178.092 -109.57 
74.5935 13.2537 -116.142 -171.13 126.601 33.5086 76.0027 117.049 -178.557 -8.15596 -173.511 129.08 122.595 -166.714 83.2258 168.901 -164.477 134.013 51.0829 48.3307 -3.23423 44.239 96.187 119.181 149.751 -15.0449 -7.51797 173.184 102.954 -151.516 99.4769 -174.398 4.31419 86.7927 130.899 12.2533 -17.7904 139.557 -172.25 169.843 60.2609 26.0622 31.5326 -158.524 0 155.985 -34.7055 -34.3495 -5.06016 -95.6854 -54.4913 -145.966 -76.0349 -41.4203 -57.2747 -73.4814 -65.8412 -117.598 -141.576 -150.491 -26.0249 -110.194 -120.023 -124.983 -39.8656 119.194 -165.859 0.203746 -44.8034 -68.073 -75.4709 -170.913 -176.861 169.142 -37.8344 -114.202 -153.832 174.734 -120.942 -12.8578 -92.8894 -20.9029 -176.122 -39.2269 -178.818 -167.918 -125.725 -36.3672 -174.41 170.103 -38.3252 26.0686 -74.5483 -97.2544 -112.655 -49.5194 -61.3706 -55.6211 -46.9057 178.478 -93.6391 
104.554 54.5613 178.885 174.094 145.093 120.256 120.473 130.724 172.888 11.2656 172.709 136.299 142.979 179.254 116.675 162.086 172.205 142.418 78.2071 73.1233 26.3327 66.5564 116.623 144.044 152.285 72.6921 124.847 165.211 126.038 178 115.71 174.081 24.0083 118.196 139.613 39.5007 4.10532 144.057 175.459 162.327 86.3129 75.7724 70.8939 167.787 155.985 0 -31.5866 -30.9997 -14.3429 -72.9637 -35.2102 -110.724 -33.5223 -33.4939 -48.8691 -58.4923 -48.9958 -64.9611 -113.792 -120.934 -25.1286 -71.6611 -99.9257 -97.6058 -30.202 -8.94589 -130.576 -9.49808 -39.3764 -53.4751 -54.2478 -130.951 -124.144 -168.42 -32.7288 -70.0774 -120.854 -157.97 -97.1953 -21.1795 -54.3455 -21.8471 -145.315 -33.9804 -109.867 -98.4471 -102.814 -32.6202 -153.876 -174.888 -33.6413 1.18778 -56.1312 -55.1313 -58.782 -39.177 -48.384 -36.3153 -37.574 -162.975 -59.0856 
3.10228 -16.8147 -44.4003 -63.3364 -28.8367 -23.0755 -14.6854 11.0637 -88.5154 -23.6555 -62.4465 66.8032 -26.9286 -76.9873 -6.37387 -47.3334 -50.0962 -14.3853 4.94896 6.2241 -22.458 6.73976 13.3784 -28.4625 -41.4043 -29.0181 -28.7093 -55.8191 -4.62861 -52.2295 29.2596 -73.8499 -16.1423 -5.68459 2.03128 -13.8788 -28.9226 92.3628 -74.5545 -46.6827 8.85253 -14.4361 -9.50049 -42.5739 -34.7055 -31.5866 0 143.121 126.532 -165.524 151.375 173.164 149.419 151.741 -112.768 -152.268 177.979 164.723 179.288 174.086 136.364 173.688 -162.622 -174.084 147.15 142.232 164.869 109.989 -90.3461 -161.133 178.869 161.718 157.884 154.471 152.629 169.778 171.003 156.805 -168.395 141.836 164.343 74.6671 160.897 160.872 156.083 158.78 -169.099 171.789 164.378 156.11 164.172 120.677 -171.046 163.601 162.181 165.477 -168.171 152.499 162.149 160.526 169.853 
