0 -90 -88.715 -120 -108 -71.1239 -124.261 -132 -129.342 -48 -36 174 -174 -102 -156.876 -54 -158.095 -162.266 -65.7336 -168 -144.074 -126 180 -152.985 -72 -144 -119.14 -148.67 -83.9256 -65.7895 -114 -144.343 -93.6393 -98.6576 -83.657 -114 -67.8979 168 -69.9047 -134.361 -75.0153 -30 -139.285 -162.211 -96 -162 -42 -78 -156 -84 -114 -138 -160.102 -108.86 -150 -66 -79.3297 162 -103.739 -60 -114 
-90 0 83.657 174 -174 67.8979 156.876 162 152.985 66 78 108 120 -168 124.261 60 103.739 108.86 79.3297 126 139.285 168 114 129.342 42 150 160.102 134.361 69.9047 75.0153 93.6393 98.6576 114 144.343 88.715 180 71.1239 102 83.9256 148.67 65.7895 84 144.074 114 -162 132 72 36 138 30 162.211 156 119.14 162.266 144 48 65.7336 96 158.095 54 114 
-88.715 83.657 0 -168.876 -150.211 60 174 175.33 168 60.8761 76.6703 112.261 126 -138.266 132 52.1021 108 114 78 132.86 150 -176.985 119.14 138 14.0953 160.715 180 144 42 72 96 102 -150 -156 90 -160.102 66 105.342 84 162 54 84.0744 156 120 -122.095 139.739 68.9847 -11.657 146.658 -54 -174 167.926 126 -168 153.639 30.2664 48 98.3607 -162 42.2105 126 
-120 174 -168.876 0 -24 28.715 84.343 132 98.0953 36 48 78 90 -18 88.6703 30 69.3424 74.3607 43.7393 96 100.102 138 84 92.9847 12 120 54 96.8761 15.0153 38.6576 59.1398 64.2607 7.89789 5.78948 54 -30 33.6393 72 48.8602 102.266 23.9256 54 102.211 79.285 -12 102 42 6 108 0 23.657 126 84.0744 9.90465 114 18 19.3297 66 5.73361 24 54 
-108 -174 -150.211 -24 0 43.3297 126.266 144 126.211 48 60 90 102 -6 103.285 42 83.1398 88.2607 57.6393 108 116.985 150 96 108.074 24 132 122.095 112.67 31.8979 52.715 72.8602 78 29.7336 33.9047 67.7393 162 47.9256 84 62.6576 124.102 39.0153 66 120.876 93.3424 0 114 54 18 120 12 108.343 138 98.3607 78 126 30 35.1239 78 47.657 36 78 
-71.1239 67.8979 60 28.715 43.3297 0 -162 -165.342 -168 62.0953 90.2105 132.074 146.361 -128.985 156 36.343 132 138 102 153.342 174 -158.361 139.285 162 -74.0953 -179.14 -156 168 -114 96 120 126 -126 -132 114 -144.074 90 124.67 108 -174 -102 100.102 180 144 -120.876 160.261 78.2664 -90.2664 167.14 -102.211 -150 -172.261 150 -144 174 -48.343 -108 116.985 -138 -6 174 
-124.261 156.876 174 84.343 126.266 -162 0 179.657 126 28.2607 42 76.715 91.3297 -41.7895 90 21.3424 66 72 36 99.0153 108 -138 83.9256 96 0.0743861 137.734 -42 102 0 30 54 60 -12 -18 48 -69.9047 24 69.6393 42 120 12 48.8602 114 78 -31.8979 107.124 35.1398 -7.32966 115.898 -15.0153 -36 153.905 84 -30 125.789 7.285 6 62.6576 -24 14.3607 42 
-132 162 175.33 132 144 -165.342 179.657 0 30 24 36 66 78 -30 72.8761 18 55.285 60.0744 30 84 78.2664 -54 72 76.1021 0 108 -14.0953 78.2105 -0.0743861 24.8602 45.3424 50.3607 -8.98466 -12.8761 40.2607 -42 19.7393 60 35.1398 60.343 9.63934 42 74.0953 64.6703 -24 90 30 -6 96 -12 -18.2664 114 68.9847 -18.2105 102 6 4.715 54 -16.1021 12 30 
-129.342 152.985 168 98.0953 126.211 -168 126 30 0 23.1398 36.8602 71.9256 87.0153 -43.8979 84 16.2607 60 66 30 95.1239 102 -107.657 79.3297 90 -4.715 141.905 -48 96 -6 24 48 54 -18 -24 42 -65.7336 18 64.715 36 114 6 43.7393 108 72 -35.1239 103.898 30 -11.9256 113.789 -19.3297 -42 167.657 78 -36 125.734 2.36066 0 57.6393 -30 9.3424 30 
-48 66 60.8761 36 48 62.0953 28.2607 24 23.1398 0 120 150 162 -126 172.715 -78 155.124 159.015 167.657 168 -172.261 -150 156 177.639 -96 -168 -146.658 -177.342 -115.898 -162 149.789 151.898 -123.015 -127.33 149.734 -138 -131.657 144 153.905 -162 -113.734 126 -167.14 163.33 -120 174 114 -102 180 -108 -141.639 -162 167.926 -136.715 -174 -90 -113.789 138 -131.926 -84 -162 
-36 78 76.6703 48 60 90.2105 42 36 36.8602 120 0 162 174 -114 -172.67 -66 173.789 175.898 -107.657 180 -158.361 -138 168 -168.074 -84 -156 -132.86 -163.285 -99.0153 -93.9047 177.905 173.734 -107.926 -112.715 -168.343 -126 -89.7336 156 -138 -148.261 -91.8979 138 -153.342 179.124 -108 -174 -54 -90 -168 -96 -127.739 -150 -176.985 -122.658 -162 -78 -95.1239 150 -117.639 -72 -138 
174 108 112.261 78 90 132.074 76.715 66 71.9256 150 162 0 -156 -84 -126.266 -36 -47.657 -78 -35.1239 -150 -120.876 -108 -162 -126.211 -54 -126 -98.3607 -124.102 -62.6576 -39.0153 -29.7336 -33.9047 -72.8602 -78 -29.7895 -96 -43.3297 6 -31.8979 -112.67 -52.715 -12 -116.985 -108.343 -78 -144 -24 -60 -138 -66 -93.3424 -120 -122.095 -88.2607 -132 -48 -57.6393 0 -83.1398 -42 -78 
-174 120 126 90 102 146.361 91.3297 78 87.0153 162 174 -156 0 -72 -84.343 -24 -5.73361 -9.90465 -19.3297 -138 -102.211 -96 30 -98.0953 -42 -114 -84.0744 -102.266 -48.8602 -23.9256 -7.89789 -5.78948 -59.1398 -64.2607 -11.1239 -84 -28.715 18 -15.0153 -96.8761 -38.6576 0 -100.102 -23.657 -66 -132 -12 -48 -126 -54 -79.285 -108 -54 -74.3607 -120 -36 -43.7393 12 -69.3424 -30 -54 
-102 -168 -138.266 -18 -6 -128.985 -41.7895 -30 -43.8979 -126 -114 -84 -72 0 110.361 48 90 95.1398 64.715 114 124.67 156 102 115.285 30 138 138.266 120.074 41.7895 59.9256 79.7393 84.8602 45.9047 59.657 74.6576 168 55.3297 90 69.6393 132.876 47.1239 72 128.985 100.261 6 120 60 24 126 18 134.095 144 105.342 120.343 132 36 43.8979 84 90 42 90 
-156.876 124.261 132 88.6703 103.285 156 90 72.8761 84 172.715 -172.67 -126.266 -84.343 110.361 0 -14.3607 24 30 -6 138 -114 -99.0153 69.9047 -126 -35.1398 -125.789 -84 -120 -42 -12 12 18 -54 -60 6 -83.9256 -18 41.7895 0 -102 -30 15.0153 -108 36 -62.6576 -179.657 -0.0743861 -42 -153.905 -48.8602 -78 -115.898 42 -72 -137.734 -28.2607 -36 31.8979 -66 -21.3424 -42 
-54 60 52.1021 30 42 36.343 21.3424 18 16.2607 -78 -66 -36 -24 48 -14.3607 0 147.015 151.33 141.905 162 -179.14 -156 150 170.658 -102 -174 -153.639 175.739 -125.789 155.657 139.898 143.124 -131.124 -135.015 137.789 -144 -174 138 137.734 -168.86 -129.905 120 -174 155.926 -126 168 108 -108 174 -114 -148.715 -168 160.715 -143.926 180 -96 -125.734 132 -139.33 -90 -174 
-158.095 103.739 108 69.3424 83.1398 132 66 55.285 60 155.124 173.789 -47.657 -5.73361 90 24 147.015 0 -174 -30 -173.789 -138 -117.639 158.095 -150 -55.285 -139.33 -108 -144 -66 -36 -12 -6 -78 -84 -18 -103.739 -42 90 -24 -126 -54 5.73361 -132 -168 -83.1398 -163.898 -16.1021 -62.3607 -155.124 -69.3424 -102 -131.926 -162 -96 -147.015 -48.0744 -60 47.657 -90 -40.6703 -90 
-162.266 108.86 114 74.3607 88.2607 138 72 60.0744 66 159.015 175.898 -78 -9.90465 95.1398 30 151.33 -174 0 -24 -173.734 -132 -112.715 144.343 -144 -50.3607 -135.015 -102 -138 -60 -30 -6 0 -72 -78 -12 -98.6576 -36 59.657 -18 -120 -48 5.78948 -126 -162 -78 -161.789 -12.8761 -57.3424 -151.898 -64.2607 -96 -127.33 -156 -90 -143.124 -43.285 -54 33.9047 -84 -36.0744 -78 
-65.7336 79.3297 78 43.7393 57.6393 102 36 30 30 167.657 -107.657 -35.1239 -19.3297 64.715 -6 141.905 -30 -24 0 168.074 -168 -143.14 152.985 180 -76.1021 -163.739 -138 -174 -96 -66 138 144 -108 -114 132 -129.342 -72 136.102 126 -156 -84 98.0953 -162 162 -108.074 175.285 30 -84.8761 -177.639 -92.9847 -132 -156.86 168 -126 -170.658 -66.2105 -90 126.211 -120 -54.2664 -150 
-168 126 132.86 96 108 153.342 99.0153 84 95.1239 168 180 -150 -138 114 138 162 -173.789 -173.734 168.074 0 -90.2664 -90 36 -72.343 -36 -108 -76.6703 -86.0953 -42 -16.715 0.876069 4.10211 -52.2607 -57.3424 -3.01534 -78 -21.6393 24 -7.32966 -88.1021 -31.7393 6 -90.2105 2.09535 -60 -126 -6 -42 -120 -48 -72.0744 -102 -11.657 -67.285 -114 -30 -36.8602 18 -62.3607 -24 -42 
-144.074 139.285 150 100.102 116.985 174 108 78.2664 102 -172.261 -158.361 -120.876 -102.211 124.67 -114 -179.14 -138 -132 -168 -90.2664 0 -89.7895 67.8979 72 -19.7393 -143.657 -66 78 -24 6 30 36 -36 -42 24 -71.1239 0 51.0153 18 -84 -12 28.715 -90 54 -47.9256 105.905 14.6576 -26.6576 131.657 -33.6393 -60 -117.905 60 -54 174 -12.8602 -18 43.3297 -48 -6 -6 
-126 168 -176.985 138 150 -158.361 -138 -54 -107.657 -150 -138 -108 -96 156 -99.0153 -156 -117.639 -112.715 -143.14 -90 -89.7895 0 78 84.8761 6 114 11.657 88.1021 7.32966 31.7393 52.2607 57.3424 -0.876069 -4.10211 47.1398 -36 26.6576 66 42 86.0953 16.715 48 90.2664 72.0744 -18 96 36 0 102 -6 -2.09535 120 76.6703 -6.26639 108 12 11.9256 60 -6.21052 18 42 
180 114 119.14 84 96 139.285 83.9256 72 79.3297 156 168 -162 30 102 69.9047 150 158.095 144.343 152.985 36 67.8979 78 0 -114.266 -48 -120 -91.285 -114.211 -55.7393 -31.3297 -17.7895 -17.7336 -66 -71.1398 -19.8979 -90 -35.9256 12 -23.1239 -104.985 -45.6393 -6 -108.876 -66 -72 -138 -18 -54 -132 -60 -86.3607 -114 -96.343 -81.3424 -126 -42 -50.6576 6 -76.2607 -36 -66 
-152.985 129.342 138 92.9847 108.074 162 96 76.1021 90 177.639 -168.074 -126.211 -98.0953 115.285 -126 170.658 -150 -144 180 -72.343 72 84.8761 -114.266 0 -30 -125.734 -78 -114 -36 -6 18 24 -48 -54 12 -79.3297 -12 43.8979 6 -96 -24 19.3297 -102 42 -57.6393 150 4.715 -36.8602 -167.657 -43.7393 -72 -113.789 48 -66 -141.905 -23.1398 -30 35.1239 -60 -16.2607 -30 
-72 42 14.0953 12 24 -74.0953 0.0743861 0 -4.715 -96 -84 -54 -42 30 -35.1398 -102 -55.285 -50.3607 -76.1021 -36 -19.7393 6 -48 -30 0 168 -175.33 155.14 -179.657 101.789 115.33 119.926 -161.734 -161.789 111.015 -162 101.734 120 107.124 170.361 119.657 102 165.342 134.658 -144 150 90 -126 156 -132 -171.015 174 139.739 -167.124 162 66 150 114 -163.898 72 150 
-144 150 160.715 120 132 -179.14 137.734 108 141.905 -168 -156 -126 -114 138 -125.789 -174 -139.33 -135.015 -163.739 -108 -143.657 114 -120 -125.734 168 0 -42.2105 50.0953 -14.3607 11.1398 31.285 36.0744 -24.0744 -28.6703 26.3607 -54 6 48 21.3424 -24.343 -4.26074 30 6 48.8761 -36 78 18 -18 84 -24 -40.1021 -78 52.1021 -36.8761 90 -6 -9.3424 42 -32.9847 0 6 
-119.14 160.102 180 54 122.095 -156 -42 -14.0953 -48 -146.658 -132.86 -98.3607 -84.0744 138.266 -84 -153.639 -108 -102 -138 -76.6703 -66 11.657 -91.285 -78 -175.33 -42.2105 0 108 6 36 60 66 -6 -12 54 -83.657 30 74.6576 48 126 18 54 120 84 -29.7895 111.015 40.2607 -3.01534 119.124 -11.1239 -30 149.734 90 -24 127.898 12.0744 12 67.7393 -18 19.285 54 
-148.67 134.361 144 96.8761 112.67 168 102 78.2105 96 -177.342 -163.285 -124.102 -102.266 120.074 -120 175.739 -144 -138 -174 -86.0953 78 88.1021 -114.211 -114 155.14 50.0953 108 0 -30 0 24 30 -42 -48 18 -75.0153 -6 47.1239 12 -90 -18 23.9256 -96 48 -52.715 119.657 9.63934 -31.7393 162 -38.6576 -66 -113.734 54 -60 -155.657 -18 -24 39.0153 -54 -11.1398 -18 
-83.9256 69.9047 42 15.0153 31.8979 -114 0 -0.0743861 -6 -115.898 -99.0153 -62.6576 -48.8602 41.7895 -42 -125.789 -66 -60 -96 -42 -24 7.32966 -55.7393 -36 -179.657 -14.3607 6 -30 0 78 102 108 -144 -150 96 -156.876 72 110.361 90 168 60 88.6703 162 126 -126.266 144.86 72.8761 -42 151.739 -84.343 -168 172.715 132 -162 158.658 26.0953 54 103.285 -156 42.2664 138 
-65.7895 75.0153 72 38.6576 52.715 96 30 24.8602 24 -162 -93.9047 -39.0153 -23.9256 59.9256 -12 155.657 -36 -30 -66 -16.715 6 31.7393 -31.3297 -6 101.789 11.1398 36 0 78 0 132 138 -114 -120 126 -134.361 -78 132.876 120 -162 -90 102.266 -168 156 -112.67 170.361 60.343 -88.1021 177.342 -96.8761 -138 -162 162 -132 -175.739 -66.2664 -96 124.102 -126 -50.0953 -162 
-114 93.6393 96 59.1398 72.8602 120 54 45.3424 48 149.789 177.905 -29.7336 -7.89789 79.7393 12 139.898 -12 -6 138 0.876069 30 52.2607 -17.7895 18 115.33 31.285 60 24 102 132 0 162 -90 -96 -30 -114 -54 134.095 -36 -138 -66 23.657 -144 180 -93.3424 -171.015 -18.2664 -72.0744 -163.33 -79.285 -114 -141.639 -174 -108 -155.926 -56.9847 -72 108.343 -102 -48.8761 -114 
-144.343 98.6576 102 64.2607 78 126 60 50.3607 54 151.898 173.734 -33.9047 -5.78948 84.8602 18 143.124 -6 0 144 4.10211 36 57.3424 -17.7336 24 119.926 36.0744 66 30 108 138 162 0 -84 -90 -24 -108.86 -48 120.343 -30 -132 -60 9.90465 -138 -174 -88.2607 -167.124 -18.2105 -67.285 -159.015 -74.3607 -108 -136.715 -168 -102 -151.33 -52.6703 -66 78 -96 -44.9847 -102 
-93.6393 114 -150 7.89789 29.7336 -126 -12 -8.98466 -18 -123.015 -107.926 -72.8602 -59.1398 45.9047 -54 -131.124 -78 -72 -108 -52.2607 -36 -0.876069 -66 -48 -161.734 -24.0744 -6 -42 -144 -114 -90 -84 0 -162 84 -162.211 60 100.261 78 156 48 79.285 150 114 -108.343 134.658 64.6703 2.09535 141.639 -23.657 180 163.33 120 -174 148.715 30.2105 42 93.3424 -168 40.1021 114 
-98.6576 144.343 -156 5.78948 33.9047 -132 -18 -12.8761 -24 -127.33 -112.715 -78 -64.2607 59.657 -60 -135.015 -84 -78 -114 -57.3424 -42 -4.10211 -71.1398 -54 -161.789 -28.6703 -12 -48 -150 -120 -96 -90 -162 0 78 -162.266 54 95.1398 72 150 42 74.3607 144 108 -78 129.639 60.0744 6.26639 136.715 -9.90465 174 159.015 114 180 143.926 28.1021 36 88.2607 -174 36.8761 102 
-83.657 88.715 90 54 67.7393 114 48 40.2607 42 149.734 -168.343 -29.7895 -11.1239 74.6576 6 137.789 -18 -12 132 -3.01534 24 47.1398 -19.8979 12 111.015 26.3607 54 18 96 126 -30 -24 84 78 0 -119.14 -60 138.266 -42 -144 -72 54 -150 174 -98.3607 -175.33 -14.0953 -76.6703 -167.926 -84.0744 -120 -146.658 180 -114 -160.715 -60.8761 -78 122.095 -108 -52.1021 -126 
-114 180 -160.102 -30 162 -144.074 -69.9047 -42 -65.7336 -138 -126 -96 -84 168 -83.9256 -144 -103.739 -98.6576 -129.342 -78 -71.1239 -36 -90 -79.3297 -162 -54 -83.657 -75.0153 -156.876 -134.361 -114 -108.86 -162.211 -162.266 -119.14 0 40.715 78 55.7393 114.211 31.3297 60 112.102 86.3607 -6 108 48 12 114 6 66 132 91.285 35.657 120 24 27.0153 72 21.9047 30 66 
-67.8979 71.1239 66 33.6393 47.9256 90 24 19.7393 18 -131.657 -89.7336 -43.3297 -28.715 55.3297 -18 -174 -42 -36 -72 -21.6393 0 26.6576 -35.9256 -12 101.734 6 30 -6 72 -78 -54 -48 60 54 -60 40.715 0 128.985 114 -168 -96 102.211 -174 150 -116.985 165.342 74.0953 -90.2105 172.261 -100.102 -144 -167.14 156 -138 179.14 -62.0953 -102 120.876 -132 -36.343 -174 
168 102 105.342 72 84 124.67 69.6393 60 64.715 144 156 6 18 90 41.7895 138 90 59.657 136.102 24 51.0153 66 12 43.8979 120 48 74.6576 47.1239 110.361 132.876 134.095 120.343 100.261 95.1398 138.266 78 128.985 0 -41.7895 -120.074 -59.9256 -18 -124.67 -134.095 -84 -150 -30 -66 -144 -72 -100.261 -126 -138.266 -95.1398 -138 -54 -64.715 -6 -90 -48 -90 
-69.9047 83.9256 84 48.8602 62.6576 108 42 35.1398 36 153.905 -138 -31.8979 -15.0153 69.6393 0 137.734 -24 -18 126 -7.32966 18 42 -23.1239 6 107.124 21.3424 48 12 90 120 -36 -30 78 72 -42 55.7393 114 -41.7895 0 -150 -78 84.343 -156 168 -103.285 -179.926 -0.34302 -80.9847 -172.715 -88.6703 -126 -151.739 174 -120 -165.639 -64.1021 -84 126.266 -114 -54.2105 -138 
-134.361 148.67 162 102.266 124.102 -174 120 60.343 114 -162 -148.261 -112.67 -96.8761 132.876 -102 -168.86 -126 -120 -156 -88.1021 -84 86.0953 -104.985 -96 170.361 -24.343 126 -90 168 -162 -138 -132 156 150 -144 114.211 -168 -120.074 -150 0 0 38.6576 102 66 -39.0153 101.789 24.8602 -16.715 113.734 -23.9256 -48 -162 72 -42 129.905 -2.6576 -6 52.715 -36 4.26074 18 
-75.0153 65.7895 54 23.9256 39.0153 -102 12 9.63934 6 -113.734 -91.8979 -52.715 -38.6576 47.1239 -30 -129.905 -54 -48 -84 -31.7393 -12 16.715 -45.6393 -24 119.657 -4.26074 18 -18 60 -90 -66 -60 48 42 -72 31.3297 -96 -59.9256 -78 0 0 96.8761 174 138 -124.102 155.14 78.2105 -86.0953 162 -102.266 -156 -177.342 144 -150 168.86 -18 -114 112.67 -144 24.343 162 
-30 84 84.0744 54 66 100.102 48.8602 42 43.7393 126 138 -12 0 72 15.0153 120 5.73361 5.78948 98.0953 6 28.715 48 -6 19.3297 102 30 54 23.9256 88.6703 102.266 23.657 9.90465 79.285 74.3607 54 60 102.211 -18 84.343 38.6576 96.8761 0 -146.361 -172.102 -102 -168 -48 -84 -162 -90 -120.86 -144 -168.876 -115.739 -156 -72 -87.0153 156 -110.658 -66 -126 
-139.285 144.074 156 102.211 120.876 180 114 74.0953 108 -167.14 -153.342 -116.985 -100.102 128.985 -108 -174 -132 -126 -162 -90.2105 -90 90.2664 -108.876 -102 165.342 6 120 -96 162 -168 -144 -138 150 144 -150 112.102 -174 -124.67 -156 102 174 -146.361 0 60 -43.3297 101.734 19.7393 -21.6393 117.905 -28.715 -54 -131.657 66 -48 143.657 -7.73926 -12 47.9256 -42 -0.860225 6 
-162.211 114 120 79.285 93.3424 144 78 64.6703 72 163.33 179.124 -108.343 -23.657 100.261 36 155.926 -168 -162 162 2.09535 54 72.0744 -66 42 134.658 48.8761 84 48 126 156 180 -174 114 108 174 86.3607 150 -134.095 168 66 138 -172.102 60 0 -72.8602 -161.734 -8.98466 -52.2607 -149.789 -59.1398 -90 -123.015 -150 -84 -139.898 -38.3607 -48 29.7336 -78 -31.285 -66 
-96 -162 -122.095 -12 0 -120.876 -31.8979 -24 -35.1239 -120 -108 -78 -66 6 -62.6576 -126 -83.1398 -78 -108.074 -60 -47.9256 -18 -72 -57.6393 -144 -36 -29.7895 -52.715 -126.266 -112.67 -93.3424 -88.2607 -108.343 -78 -98.3607 -6 -116.985 -84 -103.285 -39.0153 -124.102 -102 -43.3297 -72.8602 0 126 66 30 132 24 150.266 150 112.261 146.095 138 42 53.7895 90 132.343 48 102 
-162 132 139.739 102 114 160.261 107.124 90 103.898 174 -174 -144 -132 120 -179.657 168 -163.898 -161.789 175.285 -126 105.905 96 -138 150 150 78 111.015 119.657 144.86 170.361 -171.015 -167.124 134.658 129.639 -175.33 108 165.342 -150 -179.926 101.789 155.14 -168 101.734 -161.734 126 0 0 -36 -114 -42 -64.6703 -96 14.0953 -60.0744 -108 -24 -30 24 -55.285 -18 -30 
-42 72 68.9847 42 54 78.2664 35.1398 30 30 114 -54 -24 -12 60 -0.0743861 108 -16.1021 -12.8761 30 -6 14.6576 36 -18 4.715 90 18 40.2607 9.63934 72.8761 60.343 -18.2664 -18.2105 64.6703 60.0744 -14.0953 48 74.0953 -30 -0.34302 24.8602 78.2105 -48 19.7393 -8.98466 66 0 0 -96 -174 -102 -134.658 -156 175.33 -129.639 -168 -84 -103.898 144 -124.715 -78 -150 
-78 36 -11.657 6 18 -90.2664 -7.32966 -6 -11.9256 -102 -90 -60 -48 24 -42 -108 -62.3607 -57.3424 -84.8761 -42 -26.6576 0 -54 -36.8602 -126 -18 -3.01534 -31.7393 -42 -88.1021 -72.0744 -67.285 2.09535 6.26639 -76.6703 12 -90.2105 -66 -80.9847 -16.715 -86.0953 -84 -21.6393 -52.2607 30 -36 -96 0 150 -138 -179.124 168 132.86 -175.898 156 60 107.657 108 -173.789 66 138 
-156 138 146.658 108 120 167.14 115.898 96 113.789 180 -168 -138 -126 126 -153.905 174 -155.124 -151.898 -177.639 -120 131.657 102 -132 -167.657 156 84 119.124 162 151.739 177.342 -163.33 -159.015 141.639 136.715 -167.926 114 172.261 -144 -172.715 113.734 162 -162 117.905 -149.789 132 -114 -174 150 0 -36 -56.9847 -90 30.2664 -52.6703 -102 -18 -23.1398 30 -48.0744 -12 -18 
-84 30 -54 0 12 -102.211 -15.0153 -12 -19.3297 -108 -96 -66 -54 18 -48.8602 -114 -69.3424 -64.2607 -92.9847 -48 -33.6393 -6 -60 -43.7393 -132 -24 -11.1239 -38.6576 -84.343 -96.8761 -79.285 -74.3607 -23.657 -9.90465 -84.0744 6 -100.102 -72 -88.6703 -23.9256 -102.266 -90 -28.715 -59.1398 24 -42 -102 -138 -36 0 172.102 162 126 174.211 150 54 81.9047 102 174.266 60 126 
-114 162.211 -174 23.657 108.343 -150 -36 -18.2664 -42 -141.639 -127.739 -93.3424 -79.285 134.095 -78 -148.715 -102 -96 -132 -72.0744 -60 -2.09535 -86.3607 -72 -171.015 -40.1021 -30 -66 -168 -138 -114 -108 180 174 -120 66 -144 -100.261 -126 -48 -156 -120.86 -54 -90 150.266 -64.6703 -134.658 -179.124 -56.9847 172.102 0 149.789 96 -18 131.124 16.6703 18 72.8602 -12 24.0744 66 
-138 156 167.926 126 138 -172.261 153.905 114 167.657 -162 -150 -120 -108 144 -115.898 -168 -131.926 -127.33 -156.86 -102 -117.905 120 -114 -113.789 174 -78 149.734 -113.734 172.715 -162 -141.639 -136.715 163.33 159.015 -146.658 132 -167.14 -126 -151.739 -162 -177.342 -144 -131.657 -123.015 150 -96 -156 168 -90 162 149.789 0 60.8761 -28.1021 96 0 -2.36066 48 -24.8761 6 18 
-160.102 119.14 126 84.0744 98.3607 150 84 68.9847 78 167.926 -176.985 -122.095 -54 105.342 42 160.715 -162 -156 168 -11.657 60 76.6703 -96.343 48 139.739 52.1021 90 54 132 162 -174 -168 120 114 180 91.285 156 -138.266 174 72 144 -168.876 66 -150 112.261 14.0953 175.33 132.86 30.2664 126 96 60.8761 0 -78 -137.789 -33.3424 -42 29.7895 -72 -26.3607 -54 
-108.86 162.266 -168 9.90465 78 -144 -30 -18.2105 -36 -136.715 -122.658 -88.2607 -74.3607 120.343 -72 -143.926 -96 -90 -126 -67.285 -54 -6.26639 -81.3424 -66 -167.124 -36.8761 -24 -60 -162 -132 -108 -102 -174 180 -114 35.657 -138 -95.1398 -120 -42 -150 -115.739 -48 -84 146.095 -60.0744 -129.639 -175.898 -52.6703 174.211 -18 -28.1021 -78 0 135.015 20.9847 24 78 -6 28.6703 78 
-150 144 153.639 114 126 174 125.789 102 125.734 -174 -162 -132 -120 132 -137.734 180 -147.015 -143.124 -170.658 -114 174 108 -126 -141.905 162 90 127.898 -155.657 158.658 -175.739 -155.926 -151.33 148.715 143.926 -160.715 120 179.14 -138 -165.639 129.905 168.86 -156 143.657 -139.898 138 -108 -168 156 -102 150 131.124 96 -137.789 135.015 0 -12 -16.2607 36 -40.6703 -6 -6 
-66 48 30.2664 18 30 -48.343 7.285 6 2.36066 -90 -78 -48 -36 36 -28.2607 -96 -48.0744 -43.285 -66.2105 -30 -12.8602 12 -42 -23.1398 66 -6 12.0744 -18 26.0953 -66.2664 -56.9847 -52.6703 30.2105 28.1021 -60.8761 24 -62.0953 -54 -64.1021 -2.6576 -18 -72 -7.73926 -38.3607 42 -24 -84 60 -18 54 16.6703 0 -33.3424 20.9847 -12 0 -167.657 120 -155.124 78 162 
-79.3297 65.7336 48 19.3297 35.1239 -108 6 4.715 0 -113.789 -95.1239 -57.6393 -43.7393 43.8979 -36 -125.734 -60 -54 -90 -36.8602 -18 11.9256 -50.6576 -30 150 -9.3424 12 -24 54 -96 -72 -66 42 36 -78 27.0153 -102 -64.715 -84 -6 -114 -87.0153 -12 -48 53.7895 -30 -103.898 107.657 -23.1398 81.9047 18 -2.36066 -42 24 -16.2607 -167.657 0 108.074 -150 38.0953 150 
162 96 98.3607 66 78 116.985 62.6576 54 57.6393 138 150 0 12 84 31.8979 132 47.657 33.9047 126.211 18 43.3297 60 6 35.1239 114 42 67.7393 39.0153 103.285 124.102 108.343 78 93.3424 88.2607 122.095 72 120.876 -6 126.266 52.715 112.67 156 47.9256 29.7336 90 24 144 108 30 102 72.8602 48 29.7895 78 36 120 108.074 0 -96.8602 -54 -102 
-103.739 158.095 -162 5.73361 47.657 -138 -24 -16.1021 -30 -131.926 -117.639 -83.1398 -69.3424 90 -66 -139.33 -90 -84 -120 -62.3607 -48 -6.21052 -76.2607 -60 -163.898 -32.9847 -18 -54 -156 -126 -102 -96 -168 -174 -108 21.9047 -132 -90 -114 -36 -144 -110.658 -42 -78 132.343 -55.285 -124.715 -173.789 -48.0744 174.266 -12 -24.8761 -72 -6 -40.6703 -155.124 -150 -96.8602 0 32.9847 90 
-60 54 42.2105 24 36 -6 14.3607 12 9.3424 -84 -72 -42 -30 42 -21.3424 -90 -40.6703 -36.0744 -54.2664 -24 -6 18 -36 -16.2607 72 0 19.285 -11.1398 42.2664 -50.0953 -48.8761 -44.9847 40.1021 36.8761 -52.1021 30 -36.343 -48 -54.2105 4.26074 24.343 -66 -0.860225 -31.285 48 -18 -78 66 -12 60 24.0744 6 -26.3607 28.6703 -6 78 38.0953 -54 32.9847 0 174 
-114 114 126 54 78 174 42 30 30 -162 -138 -78 -54 90 -42 -174 -90 -78 -150 -42 -6 42 -66 -30 150 6 54 -18 138 -162 -114 -102 114 102 -126 66 -174 -90 -138 18 162 -126 6 -66 102 -30 -150 138 -18 126 66 18 -54 78 -6 162 150 -102 90 174 0 
