0 152.035 -101.917 -10.4644 -146.722 161.341 -68.2449 -78.4064 -151.668 -93.967 138.718 10.1306 94.3122 57.0673 -84.2273 -140.18 -68.9341 120.244 99.9933 75.9078 142.829 120.719 110.093 172.115 -79.0174 -54.9288 51.645 -59.3766 -179.487 -154.316 -65.7516 -167.235 14.1677 -117.555 16.1433 -1.24677 -0.756744 68.4239 -56.8769 -78.9173 162.277 -6.13352 20.0271 167.154 -58.0148 170.197 -137.02 -142.856 -60.2257 -142.64 -65.1196 53.3025 -102.522 -151.633 176.35 -140.765 171.563 -145.639 163.92 -113.016 -122.49 -75.0169 -146.839 -158.422 -72.2032 -111.289 10.0434 -148.321 -149.202 -150.382 -136.159 28.0796 -61.7638 -109.921 158.366 -156.162 -59.9843 -142.736 90.3445 149.645 -149.711 
152.035 0 -61.3008 -26.5912 -94.2276 -34.083 -50.2865 -52.0402 -103.233 -54.6065 46.798 -14.0391 -6.39299 -5.12428 -44.7165 -59.5873 -40.3841 -17.6832 -24.3284 -8.23341 -19.9296 -4.76902 -16.9825 -150.023 -55.8134 -42.0014 -9.61555 -44.1755 -115.741 -84.8262 -41.7669 -37.2889 -8.97018 -67.3294 -10.2102 -15.6612 -21.4497 -6.81385 -36.7038 -49.7092 -101.764 -19.3265 -7.70853 -29.5044 -44.5869 -101.248 -67.2428 -107.39 -44.0279 -80.1676 -45.7921 -20.0312 -69.0379 -111.119 -135.428 -106.117 -33.0974 -69.0332 -162.98 -41.594 -76.5831 -51.1251 -47.7785 -100.892 -46.225 -45.5849 -13.856 -41.1316 -120.704 -121.953 -75.9994 -13.4296 -45.7369 -71.3433 -117.416 -90.2159 -46.0185 -102.272 3.57177 -27.3522 -61.1287 
-101.917 -61.3008 0 72.2624 166.291 102.146 -26.7594 -11.6254 167.56 43.8859 110.644 50.9867 83.0492 70.9285 59.6308 115.715 50.3872 87.8223 79.8757 77.4591 100.279 93.3542 84.9779 139.609 -40.1775 -4.3994 70.2742 -7.17559 139.033 145.219 35.0019 92.3361 46.4643 155.543 50.6396 38.0871 58.9158 75.1258 47.7531 14.1864 123.646 42.3628 51.0611 84.4065 -14.8255 127.891 131.097 -170.492 -3.00284 151.885 -1.34025 74.5385 -103.994 175.126 140.538 -167.222 92.5225 130.741 132.08 82.6411 -171.876 -14.7643 100.042 155.041 20.239 84.0605 50.5217 92.3363 -171.388 -172.748 152.387 63.147 -11.9841 -133.802 122.421 148.625 -19.2948 -175.893 82.773 90.1089 118.465 
-10.4644 -26.5912 72.2624 0 -149.53 162.79 -71.7681 -83.564 -153.945 -100.978 141.153 13.5572 106.206 68.184 -95.1617 -146.637 -79.2318 131.705 137.082 90.3708 146.872 127.57 124.824 171.964 -82.9989 -58.3121 65.1062 -63.0689 179.727 -157.34 -73.2667 -173.915 16.914 -123.094 19.7702 -0.219325 2.77122 81.786 -66.1926 -85.2139 162.871 -5.48078 23.7689 168.295 -61.1206 170.143 -142.474 -144.94 -64.2511 -146.496 -69.7188 89.4614 -106.654 -153.575 175.92 -142.886 170.981 -150.361 164.271 -130.505 -126.738 -79.7863 -155.188 -160.596 -78.6335 -124.966 13.3655 -159.16 -150.712 -151.854 -140.575 37.8837 -65.4284 -114.284 159.245 -158.838 -63.044 -145.108 99.2651 155.523 -154.966 
-146.722 -94.2276 166.291 -149.53 0 52.4622 -19.7729 -13.062 173.496 -4.50692 79.3325 25.513 47.0552 39.7708 10.2366 27.7535 10.7197 46.1073 36.687 42.5782 57.3215 55.6254 44.1683 116.106 -24.026 -9.09449 37.6068 -10.6366 103.484 57.0895 4.64904 37.708 25.307 -9.58673 26.8995 18.653 26.0653 41.6533 12.3619 -5.75076 87.2198 19.1702 28.0902 36.8289 -14.2812 88.5147 20.187 -134.703 -8.88415 19.8267 -8.65107 35.4697 -36.8446 -166.255 113.577 -128.974 41.4478 31.7522 105.721 24.9915 -31.5764 -14.0793 33.328 112.338 -2.31914 20.9815 25.361 33.6947 -152.24 -154.845 6.49103 31.9945 -12.9034 -34.3178 88.2634 72.0507 -16.588 -129.168 50.2717 43.0348 35.9683 
161.341 -34.083 102.146 162.79 52.4622 0 -56.6845 -61.2379 -135.628 -68.3567 124.205 -1.48379 34.8639 21.2252 -53.7019 -93.4839 -45.3528 22.5407 -8.16774 23.4939 88.5749 65.2556 17.8817 176.455 -64.8898 -45.3662 14.2796 -48.5615 -169.345 -129.561 -46.901 -45.2204 3.60541 -90.1386 3.45645 -6.77773 -10.7034 22.9415 -38.7076 -58.9557 162.941 -10.8684 6.69215 -20.4272 -48.6547 176.462 -100.961 -130.141 -48.5945 -116.161 -51.5228 -1.56046 -84.6238 -138.485 -177.014 -128.082 -29.9992 -109.243 165.076 -51.6479 -100.193 -59.3947 -73.7104 -141.045 -53.5249 -59.375 -1.37177 -55.1045 -139.769 -141.093 -108.287 4.01004 -50.6822 -89.7834 156.397 -134.269 -50.5062 -127.966 46.4189 -7.02443 -102.935 
-68.2449 -50.2865 -26.7594 -71.7681 -19.7729 -56.6845 0 138.07 161.59 139.043 123.571 84.412 107.717 98.2016 120.658 137.094 112.152 113.261 111.069 104.242 120.219 114.279 111.485 143.835 -175.095 57.0595 99.3124 69.3745 144.169 149.061 109.49 121.126 75.5707 153.802 81.3424 70.4689 96.779 102.089 105.559 127.896 133.743 79.5654 80.1702 115.191 26.8692 136.976 144.245 176.165 82.755 152.615 102.462 106.389 -178.521 166.938 144.735 178.231 119.631 143.043 138.533 121.174 165.516 134.929 127.878 154.282 117.198 124.664 83.7905 122.913 178.167 177.273 152.886 95.2906 68.6524 172.563 132.56 150.742 9.836 171.46 105.409 116.896 136.943 
-78.4064 -52.0402 -11.6254 -83.564 -13.062 -61.2379 138.07 0 167.78 140.214 120.634 68.557 99.4877 87.5626 107.202 136.656 92.7264 105.754 101.47 94.7429 115.314 108.166 103.344 144.944 -81.1175 1.63387 88.1483 -2.62223 145.582 152.645 81.2035 114.607 60.7085 163.46 66.4578 52.7033 81.3357 92.1764 83.9626 104.025 132.771 60.4789 65.9881 106.687 -17.2189 136.718 147.033 -175.413 7.19155 158.09 16.5155 95.5411 -149.317 173.522 146.117 -172.902 113.072 145.049 138.623 112.78 178.57 -29.9317 123.536 158.686 81.156 117.336 67.9059 116.578 -175.039 -176.128 159.133 82.104 -12.3635 -166.376 131.372 154.62 -24.8575 179.934 97.5126 109.78 136.488 
-151.668 -103.233 167.56 -153.945 173.496 -135.628 161.59 167.78 0 -4.82524 71.7504 22.6673 41.64 35.5009 7.82933 20.5229 8.46995 40.0479 31.5005 37.6818 49.696 49.1301 38.4306 105.988 -21.9824 -8.84138 33.3374 -10.2153 87.7577 34.2343 3.25107 31.3131 22.8078 -8.88539 24.1086 16.6133 22.6651 36.9905 10.0563 -5.85247 76.4855 16.8605 25.3001 31.223 -13.5479 75.9938 13.4018 -117.448 -8.63285 9.61119 -8.40887 30.7791 -31.977 -151.44 101.296 -112.364 34.8644 21.8163 96.2294 20.2865 -24.9091 -13.1569 26.5907 66.8538 -2.85543 16.6388 22.5476 27.5756 -145.234 -148.313 2.17014 28.2748 -12.2489 -28.967 78.3158 41.4269 -15.6427 -98.5616 45.0679 36.6905 26.8967 
-93.967 -54.6065 43.8859 -100.978 -4.50692 -68.3567 139.043 140.214 -4.82524 0 116.749 52.1906 88.8961 75.0098 69.6423 134.547 53.5708 95.2068 87.3909 82.7532 108.266 100.024 92.0401 145.845 -59.0672 -15.1537 74.607 -19.6265 146.863 157.215 30.4179 103.423 46.8245 -175.487 51.6656 37.2003 62.1787 79.9696 49.2679 -11.5063 131.069 42.0831 52.0843 93.3471 -25.8259 135.867 151.107 -166.286 -16.0329 165.979 -16.984 80.6598 -114.596 -179.081 147.345 -163.377 102.487 147.483 138.32 95.7851 -161.054 -37.805 114.733 163.971 5.1815 100.261 51.6366 104.866 -168.165 -169.447 168.91 66.5638 -25.1592 -134.668 129.451 159.469 -30.4595 -170.328 87.8678 98.9391 134.612 
138.718 46.798 110.644 141.153 79.3325 124.205 123.571 120.634 71.7504 116.749 0 -22.251 -20.7225 -15.5688 -54.6676 -72.0145 -49.9871 -34.5283 -38.245 -20.8491 -45.1887 -24.8039 -32.6755 -145.136 -62.1536 -48.5027 -20.5447 -50.7756 -120.998 -94.4782 -50.4903 -52.776 -15.8573 -75.9021 -17.8433 -22.5177 -31.4942 -18.5767 -46.1532 -57.7663 -119.519 -27.1387 -15.0185 -44.1757 -50.6701 -114.766 -78.0637 -110.633 -50.8833 -89.1628 -52.9425 -32.7198 -75.4439 -114.437 -134.772 -109.405 -49.706 -80.631 -151.763 -54.0315 -83.8235 -58.2007 -62.0203 -107.301 -54.3861 -57.4155 -21.9821 -55.5644 -122.121 -123.241 -85.022 -23.4073 -52.2235 -78.174 -128.091 -98.8967 -51.9697 -106.515 -8.89652 -44.1764 -74.5129 
10.1306 -14.0391 50.9867 13.5572 25.513 -1.48379 84.412 68.557 22.6673 52.1906 -22.251 0 156.033 142.076 -133.89 -155.789 -128.541 169.919 -177.315 155.524 169.23 159.272 169.633 177.469 -105.555 -87.4382 153.403 -92.0377 -176.169 -160.476 -117.866 -169.173 23.8722 -138.994 47.1626 -23.7583 -157.32 151.106 -125.576 -117.022 172.753 -66.4538 51.5213 -172.976 -86.3183 177.754 -152.282 -149.72 -95.0996 -153.412 -101.365 178.589 -123.466 -156.671 -179.322 -148.054 -174.802 -156.902 172.03 -153.824 -139.179 -107.459 -161.417 -162.327 -114.65 -149.44 6.35954 -163.695 -153.689 -154.614 -149.781 162.977 -92.9528 -129.948 169.986 -161.329 -86.9979 -150.345 144.142 -179.98 -160.155 
94.3122 -6.39299 83.0492 106.206 47.0552 34.8639 107.717 99.4877 41.64 88.8961 -20.7225 156.033 0 -1.02879 -84.8879 -118.045 -76.5348 -126.553 -87.1503 -21.6417 -165.766 168.956 -109.901 -172.192 -80.6161 -62.6812 -20.0484 -66.1323 -160.57 -135.632 -73.492 -112.974 -11.5836 -107.749 -14.827 -23.9019 -47.2189 -8.97757 -70.0833 -81.1514 -174.923 -33.0144 -9.24522 -100.179 -64.3581 -167.086 -119.193 -133.446 -67.1235 -126.659 -71.0047 -66.0847 -98.5204 -140.143 -166.849 -131.758 -118.299 -125.061 -179.313 -96.5453 -113.024 -77.9794 -114.804 -142.398 -76.8255 -97.7132 -23.3712 -109.327 -140.774 -141.852 -121.398 -28.2776 -67.7478 -103.844 -179.837 -138.298 -65.7005 -132.193 80.5889 -118.722 -124.395 
57.0673 -5.12428 70.9285 68.184 39.7708 21.2252 98.2016 87.5626 35.5009 75.0098 -15.5688 142.076 -1.02879 0 -103.26 -132.386 -95.5672 -159.654 -130.716 -165.904 -172.27 174.411 -155.8 -173.645 -90.4752 -72.98 -100.311 -76.6952 -164.376 -144.104 -89.8443 -136.976 -16.3479 -119.421 -22.8283 -32.0846 -77.5154 -168.115 -89.8319 -94.7569 -176.324 -46.5359 -13.8568 -133.518 -73.6743 -170.156 -131.475 -138.796 -78.3264 -136.167 -82.8909 -121.096 -107.979 -145.347 -169.278 -137.17 -143.223 -136.726 -179.622 -119.35 -122.621 -89.4526 -133.403 -148.722 -91.089 -117.919 -36.6605 -131.813 -144.736 -145.728 -131.689 -63.3154 -78.0349 -113.618 179.892 -145.959 -74.742 -138.253 147.242 -147.399 -137.82 
-84.2273 -44.7165 59.6308 -95.1617 10.2366 -53.7019 120.658 107.202 7.82933 69.6423 -54.6676 -133.89 -84.8879 -103.26 0 166.327 14.8493 104.788 96.3841 87.2788 119.802 108.661 100.705 155.633 -75.8116 -37.0948 76.3948 -43.1367 159.19 175.751 -23.3521 121.919 40.7813 -146.681 46.2513 28.071 58.3231 83.4459 22.7265 -71.1684 142.352 32.0017 47.1964 106.194 -44.3875 148.19 -179.02 -157.711 -42.5442 -173.193 -48.5039 85.9057 -113.11 -168.795 158.075 -155.167 118.118 173.419 147.887 122.753 -144.645 -67.1371 141.694 178.227 -53.0838 139.627 45.4551 127.356 -161.381 -162.608 -167.841 65.3561 -47.6201 -125.74 140.031 176.376 -47.9294 -159.95 92.8616 111.811 161.361 
-140.18 -59.5873 115.715 -146.637 27.7535 -93.4839 137.094 136.656 20.5229 134.547 -72.0145 -155.789 -118.045 -132.386 166.327 0 -7.94927 64.3406 46.4899 53.7537 87.0315 77.9736 59.9838 151.098 -52.4067 -27.9439 44.5834 -31.2085 154.921 -173.237 -16.7002 55.4634 24.1484 -86.1335 26.4493 14.2795 24.7433 51.5669 -2.52693 -36.1406 128.884 14.259 28.2586 48.7436 -33.5909 136.786 -125.52 -144.078 -30.027 -146.266 -32.0293 42.6831 -79.6612 -157.612 154.094 -141.025 62.1902 -164.708 140.094 19.7293 -105.792 -42.1982 51.6178 -173.253 -28.5292 6.1282 23.9876 46.339 -152.243 -153.808 -129.656 34.9382 -34.2333 -87.2883 126.503 -173.871 -36.2943 -144.161 64.8874 62.3716 134.98 
-68.9341 -40.3841 50.3872 -79.2318 10.7197 -45.3528 112.152 92.7264 8.46995 53.5708 -49.9871 -128.541 -76.5348 -95.5672 14.8493 -7.94927 0 114.476 109.458 96.0288 127.329 116.067 110.729 158.278 -85.0738 -45.382 85.0264 -52.5153 162.187 178.079 -55.4611 134.585 44.1523 -150.165 50.8083 30.036 69.0289 91.832 32.8193 -92.7851 146.572 35.366 51.4729 119.869 -51.8563 152.2 -176.504 -158.259 -53.1269 -172.096 -61.521 98.0417 -119.488 -168.511 160.783 -155.896 129.632 176.915 151.021 143.57 -147.459 -80.2202 152.662 179.848 -77.7125 158.631 50.6262 141.056 -161.6 -162.755 -167.437 73.9251 -56.8928 -131.1 144.2 178.457 -55.2179 -160.388 99.9106 122.858 167.214 
120.244 -17.6832 87.8223 131.705 46.1073 22.5407 113.261 105.754 40.0479 95.2068 -34.5283 169.919 -126.553 -159.654 104.788 64.3406 114.476 0 -51.9674 24.5569 167.216 121.301 -6.42152 -178.111 -75.5185 -55.8804 8.20015 -59.4526 -166.234 -137.396 -63.881 -104.57 -1.67285 -104.437 -2.82004 -14.1039 -27.239 23.3021 -57.9618 -73.9739 175.356 -20.8577 1.69542 -78.4477 -58.3244 -175.271 -117.513 -134.147 -60.1264 -126.678 -63.9213 -27.4852 -95.0898 -141.696 -172.585 -132.277 -111.421 -124.704 173.398 -85.3949 -111.019 -71.7495 -110.132 -144.876 -68.8349 -88.5584 -9.77462 -100.95 -141.96 -143.128 -120.439 -6.31961 -61.3741 -100.786 170.045 -140.426 -59.9451 -132.844 65.9634 -108.27 -123.764 
99.9933 -24.3284 79.8757 137.082 36.687 -8.16774 111.069 101.47 31.5005 87.3909 -38.245 -177.315 -87.1503 -130.716 96.3841 46.4899 109.458 -51.9674 0 69.2693 149.995 124.494 114.811 175.197 -79.0776 -56.5449 41.0917 -60.7403 -175.554 -149.696 -67.3895 -147.604 8.84913 -114.532 9.72477 -6.18931 -13.4331 60.9802 -60.254 -79.0174 166.459 -12.3305 14.1174 -144.936 -59.2791 174.63 -131.883 -140.594 -61.6247 -138.43 -66.2508 21.8623 -101.187 -148.945 179.737 -138.583 -167.472 -139.989 167.052 -105.403 -119.794 -75.3822 -136.134 -154.675 -72.9581 -105.564 2.7692 -133.348 -147.263 -148.429 -132.105 16.4549 -62.9324 -108.043 162.244 -151.844 -61.0949 -140.162 88.6994 170.411 -142.557 
75.9078 -8.23341 77.4591 90.3708 42.5782 23.4939 104.242 94.7429 37.6818 82.7532 -20.8491 155.524 -21.6417 -165.904 87.2788 53.7537 96.0288 24.5569 69.2693 0 -174.488 165.27 -147.494 -174.497 -84.5201 -66.0511 -18.7658 -69.7391 -164.178 -141.106 -79.6144 -127.532 -9.95319 -113.643 -13.4618 -24.2195 -54.4294 18.0868 -77.2393 -86.6276 -177.986 -34.9453 -6.88337 -119.44 -67.4735 -170.812 -126.137 -136.665 -70.9942 -132.277 -75.2983 -89.0708 -102.87 -143.525 -169.67 -134.959 -134.712 -132.024 178.732 -107.864 -118.009 -82.4293 -125.592 -146.719 -82.3331 -107.652 -23.7412 -122.146 -143.318 -144.371 -127.214 -30.9688 -71.327 -108.549 177.67 -143.357 -68.7733 -135.825 113.779 -138.856 -132.532 
142.829 -19.9296 100.279 146.872 57.3215 88.5749 120.219 115.314 49.696 108.266 -45.1887 169.23 -165.766 -172.27 119.802 87.0315 127.329 167.216 149.995 -174.488 0 45.4963 -11.6737 -174.501 -67.4486 -49.5699 -0.324026 -52.6065 -158.228 -122.593 -53.0509 -62.9051 -3.98845 -90.337 -5.18279 -13.8462 -22.5372 6.89815 -46.6857 -63.1361 179.054 -19.0277 -1.60773 -42.8807 -52.2858 -167.9 -98.9873 -126.695 -52.8457 -111.934 -55.7645 -20.1426 -85.3563 -133.784 -167.27 -124.878 -57.1473 -105.259 175.153 -61.5306 -99.0334 -62.8633 -79.4033 -134.014 -58.3955 -66.7643 -10.5314 -67.1461 -136.353 -137.594 -105.428 -8.5466 -54.4749 -89.9782 171.286 -127.045 -53.912 -124.226 32.6681 -42.3164 -99.7845 
120.719 -4.76902 93.3542 127.57 55.6254 65.2556 114.279 108.166 49.1301 100.024 -24.8039 159.272 168.956 174.411 108.661 77.9736 116.067 121.301 124.494 165.27 45.4963 0 -49.2555 -168.577 -73.3324 -56.2713 -15.9513 -59.3468 -153.843 -124.812 -62.8285 -84.9356 -11.4713 -96.6928 -13.9244 -21.5015 -36.4785 -10.1582 -58.1352 -71.2955 -169.724 -28.3397 -9.66334 -68.4855 -58.3719 -160.067 -105.718 -127.483 -59.9161 -115.738 -63.1155 -42.0303 -90.4029 -133.868 -162.003 -125.826 -84.7962 -111.278 -176.709 -76.9094 -103.612 -69.7996 -93.8141 -134.091 -66.9952 -80.1052 -20.3216 -85.3308 -136.195 -137.329 -110.185 -22.2352 -61.0082 -95.0468 -176.227 -128.37 -59.7919 -125.39 23.8806 -77.2059 -108.046 
110.093 -16.9825 84.9779 124.824 44.1683 17.8817 111.485 103.344 38.4306 92.0401 -32.6755 169.633 -109.901 -155.8 100.705 59.9838 110.729 -6.42152 114.811 -147.494 -11.6737 -49.2555 0 -178.449 -77.4938 -57.6161 10.6473 -61.3 -167.215 -139.792 -66.953 -114.606 -1.3918 -107.41 -2.56579 -14.5187 -29.5451 29.2439 -61.4491 -76.765 175.245 -21.8026 2.23844 -92.6339 -59.9378 -175.944 -121.028 -135.484 -62.0997 -129.305 -66.1013 -32.8889 -97.2399 -143.035 -173.182 -133.621 -124.006 -128.145 173.406 -91.9175 -113.434 -74.0091 -116.489 -146.589 -71.6287 -94.1318 -10.0313 -109.081 -142.939 -144.088 -123.247 -6.30684 -63.2076 -103.104 170.26 -142.56 -61.5356 -134.384 75.2507 -127.832 -127.976 
172.115 -150.023 139.609 171.964 116.106 176.455 143.835 144.944 105.988 145.845 -145.136 177.469 -172.192 -173.645 155.633 151.098 158.278 -178.111 175.197 -174.497 -174.501 -168.577 -178.449 0 -40.3376 -28.4078 3.3147 -30.0632 -38.17 -45.7446 -24.2448 -11.4894 0.351285 -43.0485 0.0443873 -5.34534 -6.54171 5.97691 -19.1444 -31.6877 13.1254 -7.31957 1.81087 -7.52401 -31.4219 -3.55391 -36.6059 -89.1819 -29.4498 -47.9082 -30.3461 -2.90999 -50.6239 -88.5641 -49.8116 -88.4565 -7.78325 -35.1515 53.7638 -18.2195 -53.0051 -34.8567 -19.244 -62.6034 -28.7549 -21.8014 -2.46818 -15.1154 -108.844 -110.329 -46.2579 -0.376294 -31.6039 -50.9838 22.6736 -50.3668 -32.9179 -80.2367 13.7702 -4.14208 -27.4676 
-79.0174 -55.8134 -40.1775 -82.9989 -24.026 -64.8898 -175.095 -81.1175 -21.9824 -59.0672 -62.1536 -105.555 -80.6161 -90.4752 -75.8116 -52.4067 -85.0738 -75.5185 -79.0776 -84.5201 -67.4486 -73.3324 -77.4938 -40.3376 0 34.859 90.122 38.0492 139.267 143.033 88.6185 111.14 67.1018 144.572 72.2393 61.1878 85.3069 93.3581 88.9281 100.804 128.16 68.6057 71.5584 104.991 15.5938 131.4 135.625 174.891 48.6408 146.291 63.303 96.2347 179.842 164.427 140.346 177.244 110.122 135.023 133.991 109.06 160.242 83.6348 117.734 149.716 90.859 112.071 73.8847 112.432 177.398 176.415 145.964 85.389 32.578 167.945 127.092 145.231 7.11788 169.304 97.7276 107.601 128.187 
-54.9288 -42.0014 -4.3994 -58.3121 -9.09449 -45.3662 57.0595 1.63387 -8.84138 -15.1537 -48.5027 -87.4382 -62.6812 -72.98 -37.0948 -27.9439 -45.382 -55.8804 -56.5449 -66.0511 -49.5699 -56.2713 -57.6161 -28.4078 34.859 0 108.898 -160.283 153.203 160.717 137.318 134.603 80.6151 171.192 88.0397 74.9941 108.873 111.481 126.404 163.39 142.558 87.8013 86.193 128.188 -79.372 146.165 159.055 -176.068 168.573 165.406 168.361 118.162 -162.653 175.318 152.979 -174.119 132.267 156.791 146.282 137.56 179.704 -172.226 142.458 164.321 152.976 142.146 91.7595 137.299 -175.64 -176.529 166.693 105.166 -139.049 -171.555 141.07 161.822 -85.0607 -179.653 113.925 128.895 150.836 
51.645 -9.61555 70.2742 65.1062 37.6068 14.2796 99.3124 88.1483 33.3374 74.607 -20.5447 153.403 -20.0484 -100.311 76.3948 44.5834 85.0264 8.20015 41.0917 -18.7658 -0.324026 -15.9513 10.6473 3.3147 90.122 108.898 0 -75.0618 -167.699 -146.956 -88.7203 -142.573 -7.73393 -120.824 -11.705 -25.3702 -71.0225 142.591 -88.4193 -94.2818 179.38 -39.1937 -3.21902 -140.314 -72.049 -174.204 -134.013 -140.335 -76.7146 -138.551 -81.5554 -129.465 -108.422 -147.266 -172.398 -138.632 -150.098 -139.658 176.995 -122.088 -123.989 -88.6722 -137.387 -151.32 -90.2476 -120.157 -25.5369 -136.303 -146.191 -147.208 -133.857 -42.8587 -76.5508 -114.422 175.602 -148.745 -73.243 -139.948 132.998 -155.9 -141.275 
-59.3766 -44.1755 -7.17559 -63.0689 -10.6366 -48.5615 69.3745 -2.62223 -10.2153 -19.6265 -50.7756 -92.0377 -66.1323 -76.6952 -43.1367 -31.2085 -52.5153 -59.4526 -60.7403 -69.7391 -52.6065 -59.3468 -61.3 -30.0632 38.0492 -160.283 -75.0618 0 151.318 158.584 128.332 130.721 76.8815 168.705 83.9417 70.7491 103.638 107.782 118.861 156.644 140.386 82.4596 82.3828 124.071 -49.4219 144.016 156.23 -176.771 132.024 163.288 153.298 113.856 -162.895 174.249 151.256 -174.742 128.524 154.058 144.486 132.934 178.183 -175.704 138.718 162.621 144.01 137.534 87.1899 133.295 -176.194 -177.109 164.473 100.772 -108.461 -172.591 138.931 159.842 -62.9295 179.403 110.747 125.177 147.754 
-179.487 -115.741 139.033 179.727 103.484 -169.345 144.169 145.582 87.7577 146.863 -120.998 -176.169 -160.57 -164.376 159.19 154.921 162.187 -166.234 -175.554 -164.178 -158.228 -153.843 -167.215 -38.17 139.267 153.203 -167.699 151.318 0 -50.7496 -21.1822 -2.31616 6.33071 -44.5778 6.4632 -0.251774 0.228676 15.9215 -14.8408 -30.2569 57.3855 -1.95433 8.30739 1.72547 -30.3609 45.5012 -35.9475 -103.133 -27.908 -52.5933 -28.8801 5.96888 -53.4019 -107.856 150.634 -101.486 2.62964 -33.6963 109.393 -12.1442 -57.597 -34.2095 -12.1356 -81.5423 -26.7279 -16.7745 3.85172 -7.20843 -122.791 -124.599 -49.6556 7.40479 -30.4912 -54.2292 64.7005 -59.1891 -32.1018 -94.2818 25.6645 6.87453 -22.5188 
-154.316 -84.8262 145.219 -157.34 57.0895 -129.561 149.061 152.645 34.2343 157.215 -94.4782 -160.476 -135.632 -144.104 175.751 -173.237 178.079 -137.396 -149.696 -141.106 -122.593 -124.812 -139.792 -45.7446 143.033 160.717 -146.956 158.584 -50.7496 0 -8.02881 29.6123 20.1463 -39.0699 21.5399 12.5166 18.7842 37.9165 1.01279 -20.5922 99.4971 12.2561 23.1149 29.7534 -24.2657 104.106 -13.0738 -130.605 -20.0373 -57.5482 -20.7076 29.4243 -54.7641 -147.864 135.12 -126.956 35.2128 1.45869 120.427 12.6236 -63.6525 -27.5212 21.0718 -173.28 -15.9947 6.49678 19.4013 23.5128 -145.411 -147.464 -47.7417 26.3967 -23.8175 -56.4088 99.6273 -177.01 -26.5774 -126.282 48.6322 37.9263 18.5013 
-65.7516 -41.7669 35.0019 -73.2667 4.64904 -46.901 109.49 81.2035 3.25107 30.4179 -50.4903 -117.866 -73.492 -89.8443 -23.3521 -16.7002 -55.4611 -63.881 -67.3895 -79.6144 -53.0509 -62.8285 -66.953 -24.2448 88.6185 137.318 -88.7203 128.332 -21.1822 -8.02881 0 132.474 52.7011 -162.488 60.0239 40.0349 81.4265 96.7124 90.1004 -114.375 144.464 48.3583 59.8986 120.876 -51.0872 149.494 174.158 -162.958 -52.3341 -179.663 -64.0229 103.394 -128.508 -173.131 157.89 -160.623 128.652 169.087 148.959 137.835 -156.664 -88.5747 146.678 174.774 -98.7253 148.034 61.2302 137.283 -165.253 -166.361 -176.097 82.566 -57.2765 -140.926 142.383 172.751 -55.1695 -165.672 102.985 123.166 160.041 
-167.235 -37.2889 92.3361 -173.915 37.708 -45.2204 121.126 114.607 31.3131 103.423 -52.776 -169.173 -112.974 -136.976 121.919 55.4634 134.585 -104.57 -147.604 -127.532 -62.9051 -84.9356 -114.606 -11.4894 111.14 134.603 -142.573 130.721 -2.31616 29.6123 132.474 0 13.8826 -104.383 15.3487 1.51415 4.60414 48.9091 -35.7999 -63.2461 154.483 -1.57232 18.4224 30.4844 -49.2971 164.129 -124.824 -139.532 -49.369 -135.468 -53.0867 29.0363 -92.6728 -149.176 173.175 -137.247 94.3779 -136.413 158.67 -59.1173 -113.049 -62.8477 -119.937 -156.416 -56.1968 -71.97 10.7508 -87.6663 -147.222 -148.528 -126.995 22.6062 -51.8214 -99.708 150.187 -153.111 -51.4613 -138.853 70.4183 78.6674 -139.281 
14.1677 -8.97018 46.4643 16.914 25.307 3.60541 75.5707 60.7085 22.8078 46.8245 -15.8573 23.8722 -11.5836 -16.3479 40.7813 24.1484 44.1523 -1.67285 8.84913 -9.95319 -3.98845 -11.4713 -1.3918 0.351285 67.1018 80.6151 -7.73393 76.8815 6.33071 20.1463 52.7011 13.8826 0 -141.741 -175.315 -76.6093 -156.762 167.776 -134.528 -124.738 176.97 -118.588 153.457 -168.506 -96.8834 -178.701 -152.93 -150.354 -106.275 -153.807 -111.667 -173.065 -127.86 -156.614 -176.662 -148.846 -170.424 -156.774 175.647 -154.39 -141.533 -115.823 -160.298 -161.551 -123.477 -150.991 -155.094 -161.944 -153.896 -154.742 -150.735 -177.011 -103.387 -133.581 174.483 -160.617 -96.9716 -150.97 158.283 -174.191 -159.43 
-117.555 -67.3294 155.543 -123.094 -9.58673 -90.1386 153.802 163.46 -8.88539 -175.487 -75.9021 -138.994 -107.749 -119.421 -146.681 -86.1335 -150.165 -104.437 -114.532 -113.643 -90.337 -96.6928 -107.41 -43.0485 144.572 171.192 -120.824 168.705 -44.5778 -39.0699 -162.488 -104.383 -141.741 0 41.5335 29.9478 45.9838 64.3058 30.224 -1.45364 117.678 32.5498 42.388 68.899 -16.8475 122.147 112.374 -163.261 -8.4142 149.683 -7.94043 61.0895 -74.0018 179.674 137.74 -159.426 77.465 116.629 128.337 60.4937 -140.184 -18.0687 80.1521 154.886 4.81134 58.2575 40.6525 73.5679 -166.492 -168.079 149.76 51.8051 -14.9961 -88.7784 116.625 146.039 -20.3703 -168.22 73.2188 76.1589 101.264 
16.1433 -10.2102 50.6396 19.7702 26.8995 3.45645 81.3424 66.4578 24.1086 51.6656 -17.8433 47.1626 -14.827 -22.8283 46.2513 26.4493 50.8083 -2.82004 9.72477 -13.4618 -5.18279 -13.9244 -2.56579 0.0443873 72.2393 88.0397 -11.705 83.9417 6.4632 21.5399 60.0239 15.3487 -175.315 41.5335 0 -46.9305 -150.045 163.381 -126.813 -118.769 176.272 -91.2145 58.4938 -167.238 -90.3408 -179.004 -150.562 -148.874 -99.0361 -151.861 -104.722 -172.506 -124.147 -155.416 -176.761 -147.296 -169.631 -154.826 174.97 -150.991 -138.713 -109.903 -158.205 -160.473 -116.837 -147.33 -128.06 -159.871 -152.807 -153.697 -148.451 -177.759 -96.6976 -130.163 173.574 -159.353 -90.7695 -149.382 153.341 -173.999 -157.589 
-1.24677 -15.6612 38.0871 -0.219325 18.653 -6.77773 70.4689 52.7033 16.6133 37.2003 -22.5177 -23.7583 -23.9019 -32.0846 28.071 14.2795 30.036 -14.1039 -6.18931 -24.2195 -13.8462 -21.5015 -14.5187 -5.34534 61.1878 74.9941 -25.3702 70.7491 -0.251774 12.5166 40.0349 1.51415 -76.6093 29.9478 -46.9305 0 178.459 153.033 -150.333 -134.341 170.016 -165.612 119.846 177.614 -101.206 174.234 -161.889 -155.524 -113.327 -161.541 -119.627 170.114 -134.241 -162.177 177.314 -153.948 177.315 -165.613 169.817 -167.563 -148.669 -123.334 -171.584 -168.224 -133.885 -163.413 154.865 -174.251 -158.354 -159.202 -158.686 159.325 -109.203 -140.443 167.735 -167.914 -101.048 -156.639 147.725 173.271 -169.035 
-0.756744 -21.4497 58.9158 2.77122 26.0653 -10.7034 96.779 81.3357 22.6651 62.1787 -31.4942 -157.32 -47.2189 -77.5154 58.3231 24.7433 69.0289 -27.239 -13.4331 -54.4294 -22.5372 -36.4785 -29.5451 -6.54171 85.3069 108.873 -71.0225 103.638 0.228676 18.7842 81.4265 4.60414 -156.762 45.9838 -150.045 178.459 0 117.63 -102.42 -103.302 166.488 -11.2147 34.4285 176.52 -72.333 172.465 -150.778 -148.64 -78.6806 -152.472 -85.3368 152.993 -116.57 -156.571 176.931 -146.752 176.169 -156.78 166.948 -151.77 -135.172 -94.2875 -163.215 -163.299 -98.6063 -145.353 21.913 -166.999 -153.262 -154.297 -147.888 85.9115 -78.235 -124.028 163.377 -162.211 -73.8247 -149.234 121.547 167.814 -161.097 
68.4239 -6.81385 75.1258 81.786 41.6533 22.9415 102.089 92.1764 36.9905 79.9696 -18.5767 151.106 -8.97757 -168.115 83.4459 51.5669 91.832 23.3021 60.9802 18.0868 6.89815 -10.1582 29.2439 5.97691 93.3581 111.481 142.591 107.782 15.9215 37.9165 96.7124 48.9091 167.776 64.3058 163.381 153.033 117.63 0 -81.7723 -89.5427 -177.125 -38.9043 -9.32393 -125.027 -69.6842 -170.348 -128.015 -137.359 -73.6076 -133.604 -78.0077 -102.453 -104.679 -144.092 -169.361 -135.685 -137.908 -133.653 179.521 -112.152 -119.624 -84.9374 -128.448 -147.329 -85.4722 -111.441 -28.0005 -125.765 -143.755 -144.785 -128.767 -40.5973 -73.7183 -110.34 178.741 -144.186 -70.9016 -136.623 128.437 -142.103 -134.384 
-56.8769 -36.7038 47.7531 -66.1926 12.3619 -38.7076 105.559 83.9626 10.0563 49.2679 -46.1532 -125.576 -70.0833 -89.8319 22.7265 -2.52693 32.8193 -57.9618 -60.254 -77.2393 -46.6857 -58.1352 -61.4491 -19.1444 88.9281 126.404 -88.4193 118.861 -14.8408 1.01279 90.1004 -35.7999 -134.528 30.224 -126.813 -150.333 -102.42 -81.7723 0 -104.151 150.263 35.8352 53.6992 130.432 -58.6482 155.815 -172.937 -157.657 -62.8946 -169.743 -72.4798 107.702 -122.159 -167.305 163.467 -155.425 138.514 -179.126 153.893 157.472 -147.432 -88.9614 161.06 -177.889 -94.0523 170.646 53.4181 151.214 -160.979 -162.088 -165.336 80.3169 -64.9864 -132.744 147.815 -178.845 -61.6048 -159.577 105.279 131.442 172.572 
-78.9173 -49.7092 14.1864 -85.2139 -5.75076 -58.9557 127.896 104.025 -5.85247 -11.5063 -57.7663 -117.022 -81.1514 -94.7569 -71.1684 -36.1406 -92.7851 -73.9739 -79.0174 -86.6276 -63.1361 -71.2955 -76.765 -31.6877 100.804 163.39 -94.2818 156.644 -30.2569 -20.5922 -114.375 -63.2461 -124.738 -1.45364 -118.769 -134.341 -103.302 -89.5427 -104.151 0 135.726 53.0025 61.0518 107.217 -30.6185 140.2 155.975 -169.477 -18.4938 166.548 -21.1574 93.9774 -134.066 179.275 149.844 -166.916 114.754 152.648 141.549 115.22 -169.099 -61.4303 127.865 164.693 41.3259 121.462 62.2842 119.372 -170.456 -171.599 168.804 78.4796 -31.2661 -150.867 134.078 161.107 -36.4653 -173.412 96.701 110.79 142.823 
162.277 -101.764 123.646 162.871 87.2198 162.941 133.743 132.771 76.4855 131.069 -119.519 172.753 -174.923 -176.324 142.352 128.884 146.572 175.356 166.459 -177.986 179.054 -169.724 175.245 13.1254 128.16 142.558 179.38 140.386 57.3855 99.4971 144.464 154.483 176.97 117.678 176.272 170.016 166.488 -177.125 150.263 135.726 0 -13.0291 -1.38539 -18.2464 -40.4149 -100.555 -60.5243 -108.115 -39.2748 -75.7847 -40.8826 -10.0578 -65.5741 -112.626 -149.231 -106.655 -20.3505 -61.7849 168.726 -32.4373 -73.0337 -46.4603 -37.2975 -100.677 -40.5813 -37.0551 -7.12371 -30.317 -122.752 -124.153 -71.2447 -5.27072 -41.3101 -67.7308 100.78 -87.2274 -41.9866 -102.347 14.0842 -14.3904 -51.8804 
-6.13352 -19.3265 42.3628 -5.48078 19.1702 -10.8684 79.5654 60.4789 16.8605 42.0831 -27.1387 -66.4538 -33.0144 -46.5359 32.0017 14.259 35.366 -20.8577 -12.3305 -34.9453 -19.0277 -28.3397 -21.8026 -7.31957 68.6057 87.8013 -39.1937 82.4596 -1.95433 12.2561 48.3583 -1.57232 -118.588 32.5498 -91.2145 -165.612 -11.2147 -38.9043 35.8352 53.0025 -13.0291 0 82.183 173.031 -90.1064 171.691 -161.251 -154.583 -101.562 -160.954 -109.027 161.89 -129.877 -161.837 175.507 -152.869 173.3 -165.613 167.269 -168.091 -146.292 -114.924 -172.891 -168.536 -125.501 -162.849 109.439 -176.335 -157.786 -158.701 -157.642 142.179 -98.2648 -136.849 164.49 -168.218 -90.6579 -155.715 137.895 168.203 -169.656 
20.0271 -7.70853 51.0611 23.7689 28.0902 6.69215 80.1702 65.9881 25.3001 52.0843 -15.0185 51.5213 -9.24522 -13.8568 47.1964 28.2586 51.4729 1.69542 14.1174 -6.88337 -1.60773 -9.66334 2.23844 1.81087 71.5584 86.193 -3.21902 82.3828 8.30739 23.1149 59.8986 18.4224 153.457 42.388 58.4938 119.846 34.4285 -9.32393 53.6992 61.0518 -1.38539 82.183 0 -163.512 -92.0465 -176.807 -149.064 -148.058 -100.48 -150.521 -105.811 -167.199 -124.032 -154.361 -174.985 -146.53 -166.227 -153.154 176.943 -148.726 -137.966 -110.58 -155.835 -159.037 -117.168 -145.454 -125.398 -157.152 -152.02 -152.891 -147.211 -168.154 -98.1464 -129.779 175.945 -157.817 -92.3711 -148.474 159.029 -170.168 -155.626 
167.154 -29.5044 84.4065 168.295 36.8289 -20.4272 115.191 106.687 31.223 93.3471 -44.1757 -172.976 -100.179 -133.518 106.194 48.7436 119.869 -78.4477 -144.936 -119.44 -42.8807 -68.4855 -92.6339 -7.52401 104.991 128.188 -140.314 124.071 1.72547 29.7534 120.876 30.4844 -168.506 68.899 -167.238 177.614 176.52 -125.027 130.432 107.217 -18.2464 173.031 -163.512 0 -55.0829 170.527 -129.914 -140.341 -56.4865 -137.688 -60.8038 28.078 -98.0238 -149.207 177.073 -138.22 174.972 -139.223 163.668 -91.3333 -117.511 -70.3475 -133.211 -155.549 -66.1707 -95.0515 7.01019 -127.364 -147.372 -148.593 -130.606 20.3012 -58.2997 -105.042 157.467 -152.577 -57.0662 -139.843 80.0508 135.829 -142.088 
-58.0148 -44.5869 -14.8255 -61.1206 -14.2812 -48.6547 26.8692 -17.2189 -13.5479 -25.8259 -50.6701 -86.3183 -64.3581 -73.6743 -44.3875 -33.5909 -51.8563 -58.3244 -59.2791 -67.4735 -52.2858 -58.3719 -59.9378 -31.4219 15.5938 -79.372 -72.049 -49.4219 -30.3609 -24.2657 -51.0872 -49.2971 -96.8834 -16.8475 -90.3408 -101.206 -72.333 -69.6842 -58.6482 -30.6185 -40.4149 -90.1064 -92.0465 -55.0829 0 142.889 152.964 179.375 131.019 159.672 142.009 116.019 -172.634 170.935 149.722 -178.731 128.776 151.256 143.497 132.574 172.322 165.11 137.638 159.788 140.026 136.432 92.9892 132.929 -179.367 179.786 160.457 104.591 151.318 179.481 138.268 157.004 -98.6063 175.428 112.683 125.822 145.651 
170.197 -101.248 127.891 170.143 88.5147 176.462 136.976 136.718 75.9938 135.867 -114.766 177.754 -167.086 -170.156 148.19 136.786 152.2 -175.271 174.63 -170.812 -167.9 -160.067 -175.944 -3.55391 131.4 146.165 -174.204 144.016 45.5012 104.106 149.494 164.129 -178.701 122.147 -179.004 174.234 172.465 -170.348 155.815 140.2 -100.555 171.691 -176.807 170.527 142.889 0 -54.1334 -108.915 -35.4825 -71.4774 -36.9344 -2.64491 -62.6446 -114.261 -166.199 -107.273 -10.1961 -54.6153 146.901 -24.8339 -69.865 -42.6578 -28.1145 -100.704 -35.9826 -29.8502 -2.16842 -21.2576 -124.67 -126.208 -66.7108 0.678614 -37.7783 -64.6145 87.2994 -84.0752 -38.7888 -102.566 20.9774 -4.46625 -42.959 
-137.02 -67.2428 131.097 -142.474 20.187 -100.961 144.245 147.033 13.4018 151.107 -78.0637 -152.282 -119.193 -131.475 -179.02 -125.52 -176.504 -117.513 -131.883 -126.137 -98.9873 -105.718 -121.028 -36.6059 135.625 159.055 -134.013 156.23 -35.9475 -13.0738 174.158 -124.824 -152.93 112.374 -150.562 -161.889 -150.778 -128.015 -172.937 155.975 -60.5243 -161.251 -149.064 -129.914 152.964 -54.1334 0 -146.693 -22.1285 -159.385 -23.2468 44.7912 -71.4784 -162.635 145.338 -143.172 60.195 129.039 132.51 30.2484 -99.1149 -32.704 52.8492 175.583 -17.2493 21.9729 27.4801 49.0298 -154.871 -156.566 -132.98 37.6341 -26.8229 -78.3843 117.952 170.144 -29.8522 -147.466 63.5036 60.5828 83.4639 
-142.856 -107.39 -170.492 -144.94 -134.703 -130.141 176.165 -175.413 -117.448 -166.286 -110.633 -149.72 -133.446 -138.796 -157.711 -144.078 -158.259 -134.147 -140.594 -136.665 -126.695 -127.483 -135.484 -89.1819 174.891 -176.068 -140.335 -176.771 -103.133 -130.605 -162.958 -139.532 -150.354 -163.261 -148.874 -155.524 -148.64 -137.359 -157.657 -169.477 -108.115 -154.583 -148.058 -140.341 179.375 -108.915 -146.693 0 5.02369 36.9039 6.03152 38.397 -7.28258 88.9119 86.1711 -75.4182 42.8075 38.9853 85.5867 32.3613 10.183 3.0341 38.1538 63.9144 12.2915 30.1199 30.1357 38.0364 -173.762 -178.464 30.3786 35.4912 1.49718 -0.737095 73.3704 53.6835 -2.55471 36.2948 48.9434 43.7973 40.3915 
-60.2257 -44.0279 -3.00284 -64.2511 -8.88415 -48.5945 82.755 7.19155 -8.63285 -16.0329 -50.8833 -95.0996 -67.1235 -78.3264 -42.5442 -30.027 -53.1269 -60.1264 -61.6247 -70.9942 -52.8457 -59.9161 -62.0997 -29.4498 48.6408 168.573 -76.7146 132.024 -27.908 -20.0373 -52.3341 -49.369 -106.275 -8.4142 -99.0361 -113.327 -78.6806 -73.6076 -62.8946 -18.4938 -39.2748 -101.562 -100.48 -56.4865 131.019 -35.4825 -22.1285 5.02369 0 165.067 168.093 112.6 -158.114 175.804 151.956 -172.887 128.295 155.443 144.919 133.013 -178.9 -162.289 139.2 163.969 146.711 138.03 84.0948 133.388 -174.738 -175.684 166.475 98.669 -74.9079 -168.627 139.203 161.207 -59.1648 -178.724 109.695 124.744 148.778 
-142.64 -80.1676 151.885 -146.496 19.8267 -116.161 152.615 158.09 9.61119 165.979 -89.1628 -153.412 -126.659 -136.167 -173.193 -146.266 -172.096 -126.678 -138.43 -132.277 -111.934 -115.738 -129.305 -47.9082 146.291 165.406 -138.551 163.288 -52.5933 -57.5482 -179.663 -135.468 -153.807 149.683 -151.861 -161.541 -152.472 -133.604 -169.743 166.548 -75.7847 -160.954 -150.521 -137.688 159.672 -71.4774 -159.385 36.9039 165.067 0 -15.214 39.5607 -54.1057 -163.758 132.411 -138.754 49.0696 46.6215 120.779 27.0414 -66.6368 -22.5007 39.9814 160.25 -8.61257 21.4799 26.3984 39.4268 -154.018 -156.035 -30.5192 34.5953 -19.387 -56.0619 103.93 140.101 -22.9238 -142.879 56.482 50.4241 48.3138 
-65.1196 -45.7921 -1.34025 -69.7188 -8.65107 -51.5228 102.462 16.5155 -8.40887 -16.984 -52.9425 -101.365 -71.0047 -82.8909 -48.5039 -32.0293 -61.521 -63.9213 -66.2508 -75.2983 -55.7645 -63.1155 -66.1013 -30.3461 63.303 168.361 -81.5554 153.298 -28.8801 -20.7076 -64.0229 -53.0867 -111.667 -7.94043 -104.722 -119.627 -85.3368 -78.0077 -72.4798 -21.1574 -40.8826 -109.027 -105.811 -60.8038 142.009 -36.9344 -23.2468 6.03152 168.093 -15.214 0 107.613 -153.456 176.271 151.072 -171.753 124.63 154.182 143.743 128.55 -177.467 -144.388 136.083 163.68 137.174 133.901 77.848 129.67 -173.926 -174.922 166.31 93.0976 -45.2072 -165.594 137.571 160.671 -47.1287 -177.845 106.058 120.959 146.832 
53.3025 -20.0312 74.5385 89.4614 35.4697 -1.56046 106.389 95.5411 30.7791 80.6598 -32.7198 178.589 -66.0847 -121.096 85.9057 42.6831 98.0417 -27.4852 21.8623 -89.0708 -20.1426 -42.0303 -32.8889 -2.90999 96.2347 118.162 -129.465 113.856 5.96888 29.4243 103.394 29.0363 -173.065 61.0895 -172.506 170.114 152.993 -102.453 107.702 93.9774 -10.0578 161.89 -167.199 28.078 116.019 -2.64491 44.7912 38.397 112.6 39.5607 107.613 0 -105.077 -149.536 -178.567 -139.687 -164.257 -142.341 169.645 -118.028 -123 -81.1014 -140.92 -154.97 -80.5542 -115.935 -1.19818 -140.206 -147.783 -148.893 -134.801 14.1933 -68.147 -111.843 165.968 -152.457 -65.6202 -141.33 102.329 -177.293 -144.975 
-102.522 -69.0379 -103.994 -106.654 -36.8446 -84.6238 -178.521 -149.317 -31.977 -114.596 -75.4439 -123.466 -98.5204 -107.979 -113.11 -79.6612 -119.488 -95.0898 -101.187 -102.87 -85.3563 -90.4029 -97.2399 -50.6239 179.842 -162.653 -108.422 -162.895 -53.4019 -54.7641 -128.508 -92.6728 -127.86 -74.0018 -124.147 -134.241 -116.57 -104.679 -122.159 -134.066 -65.5741 -129.877 -124.032 -98.0238 -172.634 -62.6446 -71.4784 -7.28258 -158.114 -54.1057 -153.456 -105.077 0 158.119 129.305 176.077 87.7885 110.957 122.943 80.2168 137.117 23.787 91.7123 136.843 45.2767 80.8361 56.1326 86.9489 176.632 175.358 122.335 66.1659 13.5688 132.662 113.797 129.181 3.22039 164.01 81.3998 86.2878 103.589 
-151.633 -111.119 175.126 -153.575 -166.255 -138.485 166.938 173.522 -151.44 -179.081 -114.437 -156.671 -140.143 -145.347 -168.795 -157.612 -168.511 -141.696 -148.945 -143.525 -133.784 -133.868 -143.035 -88.5641 164.427 175.318 -147.266 174.249 -107.856 -147.864 -173.131 -149.176 -156.614 179.674 -155.416 -162.177 -156.571 -144.092 -167.305 179.275 -112.626 -161.837 -154.361 -149.207 170.935 -114.261 -162.635 88.9119 175.804 -163.758 176.271 -149.536 158.119 0 85.1675 -88.1849 33.7758 23.6618 84.6811 21.7339 -11.1909 -7.56439 26.9818 46.7426 1.65084 18.7969 23.2188 27.7554 -142.673 -147.016 10.3274 28.31 -7.55843 -17.6966 69.4756 36.1176 -10.9851 -46.3419 42.9742 35.3572 27.2961 
176.35 -135.428 140.538 175.92 113.577 -177.014 144.735 146.117 101.296 147.345 -134.772 -179.322 -166.849 -169.278 158.075 154.094 160.783 -172.585 179.737 -169.67 -167.27 -162.003 -173.182 -49.8116 140.346 152.979 -172.398 151.256 150.634 135.12 157.89 173.175 -176.662 137.74 -176.761 177.314 176.931 -169.361 163.467 149.844 -149.231 175.507 -174.985 177.073 149.722 -166.199 145.338 86.1711 151.956 132.411 151.072 -178.567 129.305 85.1675 0 -92.7779 -2.68766 -32.7532 83.2682 -14.7377 -53.3814 -33.7185 -15.2226 -65.8914 -27.0208 -18.6825 0.720401 -10.8946 -114.339 -116.011 -45.7255 3.43997 -30.3907 -51.0992 40.1852 -50.4948 -31.8762 -84.4075 19.1592 1.12938 -23.9659 
-140.765 -106.117 -167.222 -142.886 -128.974 -128.082 178.231 -172.902 -112.364 -163.377 -109.405 -148.054 -131.758 -137.17 -155.167 -141.025 -155.896 -132.277 -138.583 -134.959 -124.878 -125.826 -133.621 -88.4565 177.244 -174.119 -138.632 -174.742 -101.486 -126.956 -160.623 -137.247 -148.846 -159.426 -147.296 -153.948 -146.752 -135.685 -155.425 -166.916 -106.655 -152.869 -146.53 -138.22 -178.731 -107.273 -143.172 -75.4182 -172.887 -138.754 -171.753 -139.687 176.077 -88.1849 -92.7779 0 44.9752 42.3682 86.4618 34.8274 15.0502 5.43478 40.7429 67.4064 14.7199 32.7263 31.7935 40.4449 177.918 173.78 34.696 37.2305 3.5393 3.18458 74.7058 57.3396 -0.668811 51.2964 50.4831 45.8459 43.3572 
171.563 -33.0974 92.5225 170.981 41.4478 -29.9992 119.631 113.072 34.8644 102.487 -49.706 -174.802 -118.299 -143.223 118.118 62.1902 129.632 -111.421 -167.472 -134.712 -57.1473 -84.7962 -124.006 -7.78325 110.122 132.267 -150.098 128.524 2.62964 35.2128 128.652 94.3779 -170.424 77.465 -169.631 177.315 176.169 -137.908 138.514 114.754 -20.3505 173.3 -166.227 174.972 128.776 -10.1961 60.195 42.8075 128.295 49.0696 124.63 -164.257 87.7885 33.7758 -2.68766 44.9752 0 -129.932 162.411 -66.1801 -110.931 -64.4659 -108.946 -151.964 -58.8477 -74.9744 5.21764 -86.6455 -145.177 -146.457 -123.01 15.0423 -53.8277 -98.6953 154.849 -147.893 -53.2284 -136.172 67.0067 63.322 -130.265 
-145.639 -69.0332 130.741 -150.361 31.7522 -109.243 143.043 145.049 21.8163 147.483 -80.631 -156.902 -125.061 -136.726 173.419 -164.708 176.915 -124.704 -139.989 -132.024 -105.259 -111.278 -128.145 -35.1515 135.023 156.791 -139.658 154.058 -33.6963 1.45869 169.087 -136.413 -156.774 116.629 -154.826 -165.613 -156.78 -133.653 -179.126 152.648 -61.7849 -165.613 -153.154 -139.223 151.256 -54.6153 129.039 38.9853 155.443 46.6215 154.182 -142.341 110.957 23.6618 -32.7532 42.3682 -129.932 0 132.859 18.3143 -90.4223 -34.5591 35.5997 -175.903 -21.1296 9.31959 22.9138 35.8222 -150.895 -152.63 -105.955 32.1047 -28.752 -74.44 116.622 -178.165 -31.3425 -140.315 58.512 51.7774 51.0619 
