0 -111.612 -52.9978 -115.643 -56.4394 -102.349 -150.466 -166.766 -52.5694 -58.0071 -104.293 -156.001 -138.977 -84.8903 -131.804 -71.5164 167.186 -167.668 -116.581 174.894 -78.4163 -84.2128 -159.277 -141.955 -76.7343 -97.3818 
-111.612 0 19.5523 -132.272 36.7475 54.1339 144.29 108.001 25.1568 14.9263 57.8662 137.272 145.144 55.5387 122.945 11.7914 94.9626 123.251 125.358 97.5558 39.3947 19.3321 134.265 152.721 60.3649 51.4998 
-52.9978 19.5523 0 -154.49 133.798 177.414 175.775 156.218 123.601 -109.746 175.166 171.197 -178.671 147.524 179.958 -141.308 141.793 161.572 -166.299 145.248 165.647 -160.2 168.818 -178.087 134.816 172.426 
-115.643 -132.272 -154.49 0 39.2671 51.7103 124.076 95.2855 30.0363 22.1594 54.1044 119.437 116.301 53.5246 93.4841 21.4467 86.4484 109.189 67.5039 88.2156 41.7597 28.949 117.64 126.993 57.5157 50.2156 
-56.4394 36.7475 133.798 39.2671 0 -158.666 -175.842 162.306 -41.2257 -60.6175 -162.285 178.833 -168.09 160.843 -167.343 -93.8164 144.092 167.651 -150.078 148.532 -151.237 -122.326 175.994 -168.38 135.613 -161.742 
-102.349 54.1339 177.414 51.7103 -158.666 0 174.531 137.086 4.73035 -10.7891 121.063 166.584 -174.883 57.4106 -176.461 -26.004 114.762 150.105 -139.9 119.456 15.2449 -38.9798 162.593 -174.364 66.06 37.1913 
-150.466 144.29 175.775 124.076 -175.842 174.531 0 51.1179 -1.27445 -7.72 -3.74024 89.2166 -37.5744 10.5446 -15.6991 -12.7562 53.2377 77.7096 -32.6612 52.9047 -0.571606 -13.748 90.6122 -65.7629 18.513 -2.07055 
-166.766 108.001 156.218 95.2855 162.306 137.086 51.1179 0 -21.3584 -27.9341 -42.1897 -138.839 -104.705 -17.1068 -82.9273 -36.1938 56.689 -170.115 -74.2968 56.7266 -28.0438 -41.7831 -146.275 -114.393 -4.53258 -36.7403 
-52.5694 25.1568 123.601 30.0363 -41.2257 4.73035 -1.27445 -21.3584 0 -82.9751 -177.904 173.944 -175.065 152.123 -175.788 -123.558 143.224 163.908 -161.004 146.943 176.418 -148.107 171.437 -174.756 136.707 -179.904 
-58.0071 14.9263 -109.746 22.1594 -60.6175 -10.7891 -7.72 -27.9341 -82.9751 0 167.144 167.682 177.428 138.606 175.273 -154.741 137.874 157.986 -171.066 141.229 152.306 -170.686 165.321 178.339 127.809 163.291 
-104.293 57.8662 175.166 54.1044 -162.285 121.063 -3.74024 -42.1897 -177.904 167.144 0 168.092 -172.419 52.2111 -172.891 -27.9611 114.515 151.117 -135.616 119.39 9.00489 -40.9083 163.963 -172.255 62.8095 15.0456 
-156.001 137.272 171.197 119.437 178.833 166.584 89.2166 -138.839 173.944 167.682 168.092 0 -55.2626 3.89575 -30.6807 -17.8332 47.7615 72.2365 -40.9836 46.7613 -6.80521 -19.6886 93.2161 -76.0066 12.3512 -9.58447 
-138.977 145.144 -178.671 116.301 -168.09 -174.883 -37.5744 -104.705 -175.065 177.428 -172.419 -55.2626 0 21.5341 8.58602 -7.69803 68.5895 101.736 -29.8805 69.729 8.00401 -7.78203 119.559 -171.303 29.7248 8.41469 
-84.8903 55.5387 147.524 53.5246 160.843 57.4106 10.5446 -17.1068 152.123 138.606 52.2111 3.89575 21.5341 0 -154.624 -62.3585 137.267 169.721 -132.268 143.429 -67.3431 -83.66 -179.729 -159.889 83.8521 -116.223 
-131.804 122.945 179.958 93.4841 -167.343 -176.461 -15.6991 -82.9273 -175.788 175.273 -172.891 -30.6807 8.58602 -154.624 0 -11.4331 81.8706 123.458 -57.9664 84.4606 7.83558 -12.6182 143.029 -171.375 35.1764 8.34677 
-71.5164 11.7914 -141.308 21.4467 -93.8164 -26.004 -12.7562 -36.1938 -123.558 -154.741 -27.9611 -17.8332 -7.69803 -62.3585 -11.4331 0 128.794 151.455 -175.662 132.232 121.003 172.675 159.62 173.817 110.162 144.711 
167.186 94.9626 141.793 86.4484 144.092 114.762 53.2377 56.689 143.224 137.874 114.515 47.7615 68.5895 137.267 81.8706 128.794 0 -143.756 -88.0201 -123.431 -48.4511 -58.553 -136.02 -117.429 -31.0208 -59.7504 
-167.668 123.251 161.572 109.189 167.651 150.105 77.7096 -170.115 163.908 157.986 151.117 72.2365 101.736 169.721 123.458 151.455 -143.756 0 -57.0105 32.8985 -19.9226 -32.1158 -114.643 -90.8397 -0.799526 -25.3202 
-116.581 125.358 -166.299 67.5039 -150.078 -139.9 -32.6612 -74.2968 -161.004 -171.066 -135.616 -40.9836 -29.8805 -132.268 -57.9664 -175.662 -88.0201 -57.0105 0 94.6303 30.3064 8.65641 135.492 158.218 54.0085 39.6237 
174.894 97.5558 145.248 88.2156 148.532 119.456 52.9047 56.7266 146.943 141.229 119.39 46.7613 69.729 143.429 84.4606 132.232 -123.431 32.8985 94.6303 0 -43.7344 -54.8364 -137.542 -116.898 -24.1369 -54.7557 
-78.4163 39.3947 165.647 41.7597 -151.237 15.2449 -0.571606 -28.0438 176.418 152.306 9.00489 -6.80521 8.00401 -67.3431 7.83558 121.003 -48.4511 -19.9226 30.3064 -43.7344 0 -97.6444 169.947 -171.921 100.579 -173.547 
-84.2128 19.3321 -160.2 28.949 -122.326 -38.9798 -13.748 -41.7831 -148.107 -170.686 -40.9083 -19.6886 -7.78203 -83.66 -12.6182 172.675 -58.553 -32.1158 8.65641 -54.8364 -97.6444 0 157.374 174.046 93.1238 124.937 
-159.277 134.265 168.818 117.64 175.994 162.593 90.6122 -146.275 171.437 165.321 163.963 93.2161 119.559 -179.729 143.029 159.62 -136.02 -114.643 135.492 -137.542 169.947 157.374 0 -77.983 8.87286 -13.4366 
-141.955 152.721 -178.087 126.993 -168.38 -174.364 -65.7629 -114.393 -174.756 178.339 -172.255 -76.0066 -171.303 -159.889 -171.375 173.817 -117.429 -90.8397 158.218 -116.898 -171.921 174.046 -77.983 0 27.5927 8.45222 
-76.7343 60.3649 134.816 57.5157 135.613 66.06 18.513 -4.53258 136.707 127.809 62.8095 12.3512 29.7248 83.8521 35.1764 110.162 -31.0208 -0.799526 54.0085 -24.1369 100.579 93.1238 8.87286 27.5927 0 -108.431 
-97.3818 51.4998 172.426 50.2156 -161.742 37.1913 -2.07055 -36.7403 -179.904 163.291 15.0456 -9.58447 8.41469 -116.223 8.34677 144.711 -59.7504 -25.3202 39.6237 -54.7557 -173.547 124.937 -13.4366 8.45222 -108.431 0 
