0 -86.0364 -124.97 -66 -161.656 -145.222 166.399 -172.754 -118.771 -124.277 -139.583 -146.111 -131.428 -144.295 -86.6229 -114 -141.585 -159.292 166.705 -154.167 -152.121 -135 -111.487 -142.236 144 -149.196 -128.954 -96.4859 -151.674 -162 176.615 -160.484 -102 -127.577 126 -157.76 -144.668 -130.426 -138 -115.541 -135.093 -119.575 -90 -153.925 -141.787 -133.445 -92.9079 168 -150.737 -142.965 162 -126 -150 -90 -147.087 -168 150 132 -96.2054 -99.7836 -132 -146.687 -174 -122.69 -130.452 -121.163 173.48 -120 -138.51 174 -106.472 -144 -147.541 -140.41 -146.125 -119.055 -156 180 -90 -120.846 180 -161.627 -78 -141.34 172.977 -72 -139.418 156 180 -176.437 168.374 -119.601 -160.811 -161.462 -157.976 -139.107 -136.576 -87.6352 -165.223 -123.631 -148.378 -169.002 -96 -144.182 170.691 -157.258 165.932 -107.48 -103.562 -154.835 -85.5348 168.569 -160.576 -108 -84 -119.501 -170.69 -139.766 138 -127.589 -140.408 
-86.0364 0 -156.783 91.4967 158.993 141.051 129.017 155.75 120 170.505 155.463 156 -174 138 96 154.43 168 165.482 133.63 169.098 176.307 156.321 -144 169.529 108.635 180 162.27 108 135 147.853 145.889 153.798 126.708 -158.25 97.081 167.079 171.024 -160.393 160.978 -150 180 -159.391 102 151.015 152.738 -163.031 -114 126.18 170.556 -172.754 121.709 162.619 155.331 -108 150 143.738 112.899 100.647 -120 -126 162.531 144 139.468 -156.24 126 180 142.624 160.38 174 130.652 114 158.474 171.275 166.507 -176.339 -163.993 151.747 135.093 98.5516 -156.964 149.196 156.18 90 148.205 126.572 90 161.775 117.27 126.624 152.5 136.434 -156 162.123 164.639 152.005 132 -166.032 -102 161.883 -162 151.127 158.898 110.141 162 139.454 169.002 131.124 -138 -132 172.626 90 127.443 130.587 143.121 92.3806 -171.016 127.866 -169.299 104.529 -168 177.334 
-124.97 -156.783 0 51.8475 108 68.8321 86.3788 117.27 52.5519 54 71.0519 79.7141 82.2528 66.9063 32.8542 45 85.9546 120 93.6851 119.279 138 66 0 90 68.7013 144 60 42.6985 69.6749 88.7169 108.173 96 41.0461 -174 58.3596 121.385 99.6084 180 72.2487 5.80584 86.8835 30 37.7637 84 72 174 9.82037 81.4927 115.059 156 78.5671 56.2832 84.1828 14.0679 75.7373 88.8318 72.1092 61.7801 5.92433 2.55309 64.2054 71.4347 87.9451 18 57.4229 48 104.681 49.6853 87.4844 84.109 47.6355 79.1452 108.4 81.3996 150 36 87.2843 86.3075 42.1666 24 111.487 102 46.1981 69.1522 79.5334 48.8765 75.0144 75.4167 76.4376 114.551 97.3894 20.4196 114 121.858 90 62.2197 168 18.5577 121.128 45.9493 78 119.519 41.1302 83.2075 101.07 126 90 -1.20131 0 132 27.9954 82.8707 71.3652 42.2193 43.9162 42 73.6745 162 65.2427 69.7853 102 
-66 91.4967 51.8475 0 -166.098 -153.691 161.381 -176.339 -130.141 -129.677 -146.141 -152.289 -135.518 -153.38 -90 -120 -146.689 -163.183 162.571 -158.154 -155.527 -141.577 -114.551 -147.146 138 -152.5 -135 -103.151 -161.081 -168 173.027 -165.75 -108 -130.699 120 -161.622 -149.259 -133.515 -144 -118.773 -139.468 -123.197 -94.5906 -160.215 -148.601 -136.525 -95.3309 162 -154.882 -146.125 156 -132 -156 -92.3648 -154.016 -174 144 126 -98.7215 -102.415 -138 -154.574 180 -125.968 -141.988 -125.953 169.836 -126 -143.219 168 -115.844 -150 -151.883 -145.731 -149.348 -122.959 -162 174 -96 -124.265 176.437 -166.443 -84 -148.785 166.125 -78 -145.277 150 171.859 180 164.476 -123.017 -164.948 -165.223 -163.752 -149.554 -139.665 -90 -168.907 -127.248 -155.067 -172.626 -102 -149.766 166.948 -160.951 161.442 -110.388 -106.326 -158.369 -88.2883 162.78 -170.381 -114 -90 -123.789 180 -142.882 132 -131.428 -144.69 
-161.656 158.993 108 -166.098 0 1.15764 56.9448 143.121 0 -30 -16.1359 -14.9777 -60.0059 2.55309 -13.0516 -18.9902 -40.5854 -144 73.0729 -110.963 -126 -18 -52.5519 -46.2332 35.1844 -120 -24 -5.81521 9.39798 19.3017 108.497 12 -11.8894 -78 22.7344 -135.32 -58.4928 -84 -23.8493 -55.6221 -56.9577 -54 -9.30945 0 -12 -90 -33.4041 46.9791 -90 -108 45 -23.8888 -11.6859 -29.2626 -5.58497 33.6605 38.8924 27.0371 -37.5045 -41.5231 -24.7815 0 42.4485 -66 1.98426 -36 98.9816 -21.8268 -50.6982 47.7443 -2.66637 -20.0086 -72.7847 -35.3525 -114 -48 2.22659 46.6103 -3.70918 -60 118.771 18 4.99938 -7.32218 41.1701 9.44354 -25.4155 42.2193 33.3128 130.141 81.3996 -58.178 -150 -160.4 6 2.98719 -96 -25.1177 177.114 -60.0045 -6 158.467 -7.89215 -27.6098 90 -138 64.9413 -49.1142 -45.4125 -132 -16.9693 49.0348 17.469 -15.6247 0.602807 -42 25.4256 -102 31.2064 -60.7782 -66 
-145.222 141.051 68.8321 -153.691 1.15764 0 114 168 -2.22659 -87.0254 -120 -148.533 -117.551 22.2082 -26.8199 -52.8567 -135.899 -170.884 126 -162 -156.736 -100.914 -87.2843 -138 68.5066 -151.747 -90 -14.621 78 163.618 150 176.449 -29.4174 -116.104 43.1872 -168 -144 -121.128 -120.014 -93.3265 -123.636 -97.3578 -20.7335 -177.114 -127.409 -126.21 -57.0885 104.486 -156 -141.585 95.0387 -82.2528 -161.387 -51.046 -155.445 149.267 77.1358 51.5816 -63.1286 -69.1673 -100.11 -165.719 136.537 -106.357 4.19365 -87.6194 144 -66.605 -129.746 114.424 -8.46482 -140.968 -150 -132 -146.689 -93.3771 180 125.029 -9.31016 -101.727 156 178.163 8.98374 -114 102 17.7301 -126 85.9546 96 162 132 -99.3723 -175.098 -174 177.137 11.1676 -131.326 -45 180 -105.423 -160.035 174 -19.0636 -142.13 138 -166.359 120 -81.2443 -75.2056 -161.621 -32.8898 108 84 -40.5854 0 -90 90 -136.458 60.0059 -111.482 -135.305 
166.399 129.017 86.3788 161.381 56.9448 114 0 -150 -45 -74.0676 -78 -86.1672 -92.4963 -61.8095 -45.9453 -60.94 -93.3265 -127.577 168 -120 -124.237 -74.5657 -78.5671 -96 3.51681 -121.709 -73.6426 -43.2897 -60 -98.4508 -168 -109.268 -50.2813 -97.3263 -8.75858 -126 -102 -101.07 -81.5638 -81.9257 -93.8154 -83.2273 -44.223 -90 -77.3136 -104.808 -60.7495 -22.2518 -114 -115.541 0 -71.4347 -90.9225 -57.3103 -79.3189 -100.59 5.85373 -4.17765 -64.2929 -67.8916 -76.5628 -70.7497 -100.11 -90 -48.4344 -75.4711 -174 -66.2178 -94.2015 -67.7247 -43.4265 -86.3803 -108 -90 -118.773 -80.2164 -95.0387 -93.1504 -39.59 -86.5146 -162 -117.407 -28.985 -72 -36 -23.7597 -84 5.80584 -42 -156 174 -85.0878 -126.287 -132 -99.5215 -54.0678 -108.499 -54.0319 -138 -87.9758 -82.3869 -144 -44.9325 -90.7839 180 -127.419 162 -75.0745 -71.5003 -126.21 -48.2493 -30 -54 -55.6221 -34.2686 -77.5847 -48 -112.094 0 -90.4896 -100.647 
-172.754 155.75 117.27 -176.339 143.121 168 -150 0 -9.44354 -32.147 -24 -24.5373 -52.1337 -10.4706 -18.1168 -23.82 -38.9487 -69.8589 42 -66 -90 -24.6688 -48.8765 -42 19.6072 -90 -28.2526 -12.9206 -6 -9.49459 66 -19.6202 -17.8768 -67.1014 10.7014 -72 -48 -71.3652 -28.8729 -50.9827 -49.4127 -49.3481 -15.3613 -17.469 -21.526 -75.4711 -34.1113 23.0365 -60 -86.0364 23.7597 -27.9954 -23.6795 -30.8037 -18.2251 0 21.75 13.9679 -37.3755 -40.546 -28.985 -13.4932 8.98374 -58.2915 -8.72524 -36.2618 60 -26.2018 -45 20.6091 -10.9019 -27.262 -54 -36 -88.5033 -44.9072 -17.7301 16.0075 -10.9982 -53.8202 72 -25.5704 -3.69291 -18 18 0 -30 23.2173 12 78 48 -52.5569 -53.2916 -78 -17.381 -8.97587 -79.3529 -27.5005 -84 -53.4278 -19.022 -90 -14.5179 -31.7947 54 -81.4484 36 -46.3702 -43.5664 -87.6194 -21.1024 24 0 -21.0066 -7.37377 -40.5317 6 -82.919 16.9693 -53.3761 -53.7131 
-118.771 120 52.5519 -130.141 0 -2.22659 -45 -9.44354 0 -129.302 -159.991 -168 -138 174 -48 -107.215 -156 -174.185 141.108 -168.111 -163.031 -152.39 -108 -156.111 98.6004 -158.993 -139.415 -36 160.698 170.602 157.266 177.013 -69.0371 -130.886 71.5029 -172.108 -158.173 -134.587 -154.585 -114 -144 -119.995 -42 180 -165.022 -138.477 -78 130.965 -164.375 -150.737 123.055 -133.767 -172.678 -72 -174 162.531 106.927 81.0184 -84 -90 -144.648 180 154.574 -124.378 162 -123.042 152.963 -121.507 -150 138.83 -30 -163.864 -161.01 -155.219 -154.882 -119.222 178.842 146.687 -19.6 -121.822 161.656 178.016 21.533 -168.314 132.256 36.8789 -156.151 115.059 133.39 166.098 144.816 -120 -177.334 -176.291 177.447 168 -142.495 -66 179.397 -126 -174.415 175.001 -44.6804 -162 148.794 -170.691 137.781 -102 -96 -166.948 -54 133.021 146.34 -90 2.88567 -119.994 137.551 -146.596 90 -132 -151.127 
-124.277 170.505 54 -129.677 -30 -87.0254 -74.0676 -32.147 -129.302 0 117.822 130.818 -149.267 86.8835 9.61932 19.854 163.618 162 114.87 167.996 180 108 -87.4844 167.991 77.6906 -174 102 29.483 90 125.374 133.759 138 21.7516 -132 61.1749 164.67 171.678 -138 134.645 -98.4508 -164.205 -108 19.424 126 114 -144 -37.7659 99.6493 170.602 -162 94.2015 74.1307 133.407 -28.3262 115.253 120.593 83.2093 66.6622 -47.2909 -56.9577 123.112 100.59 115.558 -120 62.0574 -90 128.993 29.6576 180 105.043 39.8764 135.673 172.078 158.467 -168 -102 129.746 110.357 29.9222 -114 138.51 144 39.786 101.259 97.887 45 140.402 88.7169 94.4652 143.219 119.519 -109.989 156 160.867 132 74.0765 -150 -18.9194 156.736 -122.225 120 152.375 25.501 147.068 124.237 168 110.325 -76.9765 -66.8289 174 0 101.756 90 19.3017 34.7324 -96 91.7117 -156 72.1713 -135.284 -174 
-139.583 155.463 71.0519 -146.141 -16.1359 -120 -78 -24 -159.991 117.822 0 159.518 -116.527 53.0393 -10.5625 -23.3804 -148.533 176.602 114 -174 -164.67 -33.3495 -79.1452 -150 66.5436 -158.474 -52.5914 4.03889 66 130.818 138 150.577 -7.28248 -115.178 46.9531 180 -156 -121.385 -120.051 -86.1672 -125.432 -90 -3.37111 135.32 90 -127.577 -45 93.1339 -168 -146.111 86.3803 -45.9493 154.785 -38.2134 109.531 122.225 73.1083 53.4782 -51.7769 -58.561 -67.7247 73.2509 114.424 -102.686 29.066 -69.8589 132 -33.1361 -135.673 100.013 11.7732 180 -162 -144 -152.289 -83.5141 140.968 107.078 7.02311 -96.378 144 157.329 20.6091 54 90 27.262 -138 79.7141 84 150 120 -93.3324 170.273 174 143.415 39.5882 -133.759 -31.3992 168 -100.704 124.253 162 0 -167.311 126 -177.123 108 -72.2232 -65.3698 -170.884 -17.6026 96 72 -14.9777 13.8747 -76.8494 78 -139.935 60.0045 -108.382 -141.988 
-146.111 156 79.7141 -152.289 -14.9777 -148.533 -86.1672 -24.5373 -168 130.818 159.518 0 -102 30 -12 -22.6714 -120 180 107.777 -168.227 -159.391 -25.2154 -72 -126.961 58.6153 -152.738 -39.0316 0 44.3269 117.822 135 146.864 -9.72708 -106.892 40.0645 -175.961 -140.412 -113.456 -55.7467 -78 -108 -79.9868 -6 112.275 0 -119.995 -42 83.622 -159.991 -139.583 77.3136 -36.5847 146.651 -36 42 110.141 64.8224 46.2413 -48 -54 -44.6804 36 103.151 -93.6197 18 -57.7752 128.223 -29.4228 -114 90 6 -90 -150.934 -106.749 -146.141 -72.9224 127.409 96.4859 2.877 -86.8661 141.787 156.62 15.3297 12.6889 79.2956 21.526 -70.469 71.0519 71.6185 148.601 114.63 -84 172.718 176.629 134.051 24 -126.522 -30 169.438 -90 59.9488 162.397 -3.39844 -126 121.439 -172.977 100.855 -66 -60 -166.125 -18 86.6676 54.5678 -16.1359 9.116 -65.576 63.4732 -133.047 52.4234 -96 -127.143 
-131.428 -174 82.2528 -135.518 -60.0059 -117.551 -92.4963 -52.1337 -138 -149.267 -116.527 -102 0 60 18 26.6198 90 136.813 96.6631 139.775 162.27 54.9714 -42 98.9067 65.4492 171.016 43.4631 30 64.4415 91.7117 115.065 102.864 25.9837 -113.395 52.752 139.504 118.136 -127.143 64.1562 -48 102 -39.0316 24 84.9613 65.576 -139.415 -12 81.2785 137.551 -170.69 77.5847 38.0125 85.4094 -6 72 91.4967 69.6125 56.9826 -18 -24 49.8594 66 90 -79.8899 48 16.3825 110.529 30.4464 96 84.6691 36 76.8494 131.107 80.5191 180 -18.6126 90 87.6352 30.2341 -59.9857 119.501 111.493 36.7813 61.8319 78.7254 40.5317 68.9372 73.6745 74.6017 123.789 101.297 -54 128.418 137.728 94.0454 54 -150.583 0 135 -60 75.5145 131.646 27.7109 84 105.929 145.222 92.0549 -36 -30 153.691 12 83.0457 67.3087 25.4256 33.3115 0 70.7564 -160.936 61.2269 -66 134.051 
-144.295 138 66.9063 -153.38 2.55309 22.2082 -61.8095 -10.4706 174 86.8835 53.0393 30 60 0 -30 -59.513 -138 -170.18 129.329 -161.759 -156.783 -110.215 -90 -139.745 71.5998 -152.005 -97.7472 -18 105.869 167.991 152.207 178.799 -34.0228 -117.78 44.695 -167.454 -145.057 -122.577 -125.267 -96 -126 -100.286 -24 -174.194 -134.051 -127.448 -60 109.364 -156.111 -142.236 99.5215 -90 -160.88 -54 -156 154.43 80.7159 53.6408 -66 -72 -107.215 -162 141.988 -108.565 0 -92.5156 146.449 -74.0641 -132 119.631 -12 -143.415 -150.532 -134.715 -147.146 -96.7925 -177.137 130.452 -11.9936 -104.263 157.976 180 7.92209 -127.658 107.625 17.381 -130.223 90 102.85 163.752 135 -102 -174.076 -173.182 180 6 -132.364 -48 -178.932 -108 -159.58 175.303 -22.6714 -144 140.711 -165.932 123.717 -84 -78 -161.442 -36 112.798 97.2028 -46.2332 -1.83667 -94.0454 98.9067 -137.302 62.5925 -114 -136.813 
-86.6229 96 32.8542 -90 -13.0516 -26.8199 -45.9453 -18.1168 -48 9.61932 -10.5625 -12 18 -30 0 -177.137 180 173.027 138.593 177.291 -176.339 171.859 -132 -178.932 111.168 -172.626 180 120 145.268 156.736 151.327 162.571 160.035 -149.259 97.3578 174.725 -178.464 -151.883 175.098 -138 -168 -146.141 114 161.381 166.125 -154.882 -102 131.326 179.397 -165.223 126.21 -178.163 166.359 -96 162 151.747 116.104 101.727 -108 -114 178.842 156 146.689 -145.731 138 -161.081 147.892 -176.449 -174 136.458 126 170.884 -179.116 179.124 -168.907 -148.785 161.621 141.585 100.914 -145.277 154.835 164.476 87.0254 161.721 132.16 87.6194 175.324 121.128 132.814 158.369 141.457 -144 169.836 171.818 161.442 144 -158.154 -90 168.663 -150 162.78 165.332 127.409 174 144.582 176.437 136.084 -126 -120 180 -78 132.672 139.09 177.114 90 -153.691 135 -161.622 106.357 -156 -172.008 
-114 154.43 45 -120 -18.9902 -52.8567 -60.94 -23.82 -107.215 19.854 -23.3804 -22.6714 26.6198 -59.513 -177.137 0 178.163 169.769 126.391 175.274 -176.097 158.92 -108.4 180 90 -171.275 175.806 36.5847 117.943 144 143.189 153.46 24 -138.899 72 172.008 -179.141 -143.116 168 -117.407 -162.619 -127.22 19.1198 148.598 150.934 -147.555 -60.3687 114 178.016 -161.627 108 180 156 -49.5477 145.977 138 96 78 -70.6359 -80.4785 174 133.767 132 -131.566 90 -140.915 138.859 -174 -172.078 120 54.7327 162 180 176.483 -166.443 -127.482 150 126 36 -128.835 147.541 157.023 48 141.067 113.456 54 169 102 111.822 151.883 130.415 -126.359 165.287 168.374 150.532 105.936 -152.15 -38.0125 164.476 -135.305 148.311 160.393 30 168.006 134.587 174.393 122.577 -99.2841 -90 179.116 -12.0087 115.96 113.171 18 42 -131.107 111.493 -156.853 84 -144.295 -169.438 
-141.585 168 85.9546 -146.689 -40.5854 -135.899 -93.3265 -38.9487 -156 163.618 -148.533 -120 90 -138 180 178.163 0 160.936 98.7557 171.535 -171.016 18.6126 -60 -157.792 58.8721 -162.27 0 12 50.2538 92.9746 122.912 113.395 4.90151 -102.864 43.5423 165.379 -168.832 -111.493 19.9646 -66 -96 -65.576 6 79.8899 39.0316 -119.994 -30 78.2729 177.773 -145.222 73.6426 -2.86297 79.0861 -24 54 92.3806 63.8957 48.6736 -36 -42 2.88567 48 90 -84.9613 30 -30.7329 116.871 -3.55089 -102 82.6422 18 52.5914 -175.806 14.2807 -153.691 -54.9714 90 86.6229 13.6412 -75.5145 128.954 127.143 23.2641 37.8699 74.5768 28.2526 24.5547 68.8321 68.5185 135 104.794 -72 150.583 159.267 97.7472 36 -128.418 -18 153.18 -78 59.9857 147.11 9.116 66 110.833 170.69 92.7157 -54 -48 180 -6 80.6277 56.3642 1.15764 18.3788 -43.4631 62.4494 -136.813 53.7903 -84 -134.051 
-159.292 165.482 120 -163.183 -144 -170.884 -127.577 -69.8589 -174.185 162 176.602 180 136.813 -170.18 173.027 169.769 160.936 0 64.8224 -55.7467 -114 -6 -42.6985 -22.6714 35.3101 -108 -12 0 15.3297 25.501 90 24 -5.05167 -66 24.552 -90 -29.4228 -72 -9.22102 -44.9325 -37.7659 -42 -3.38531 12 0 -78 -26.0623 44.6828 -44.6804 -96 43.2897 -12.5459 4.10387 -22.2399 5.68437 34.4635 38.4198 28.3034 -29.8006 -33.4041 -11.8435 8.75858 40.4955 -54 7.9918 -24 83.622 -11.8755 -29.483 45 3.1024 -4.03889 -36.5847 -16.1359 -102 -36 14.621 43.8 1.62013 -48 96.4859 30 9.05875 2.877 40.0645 12.9206 -9.72708 41.1302 33.889 103.151 71.0519 -46.446 42 146.651 18 9.42536 -84 -18.378 127.409 -46.9531 6 117.822 -1.84748 -8.53388 77.3136 -126 58.6153 -39.944 -36.8113 -120 -10.7014 46.2413 21.526 -7.89215 5.27544 -30 27.7109 -90 31.9107 -46.0481 -42 
166.705 133.63 93.6851 162.571 73.0729 126 168 42 141.108 114.87 114 107.777 96.6631 129.329 138.593 126.391 98.7557 64.8224 0 -108 -114.87 -63.6705 -72.1092 -84 -0.858733 -112.899 -63.8957 -38.4198 -48 -76.9765 -156 -90 -44.548 -90 -9.42536 -114 -90 -93.6851 -69.8942 -75.0745 -83.8073 -75.7172 -39.5915 -73.0729 -64.8224 -97.3263 -55.6752 -16.0876 -102 -107.48 -5.85373 -62.2197 -75.6416 -52.423 -65.3185 -74.0765 0 -5.93289 -59.0035 -62.3591 -66.2178 -57.7493 -66.605 -82.6737 -41.1008 -67.1014 -162 -57.9946 -83.2093 -33.1361 -38.0995 -73.1083 -96 -78 -110.388 -72.5198 -77.1358 -52.4776 -35.3319 -79.1233 -150 -99.2841 -26.2018 -60 -24 -21.75 -72 -1.20131 -30 -144 -174 -77.7851 -112.191 -120 -80.7159 -45 -100.877 -49.3006 -126 -80.1498 -67.8092 -132 -39.944 -77.6246 -168 -116.33 -6 -68.9625 -65.6949 -116.104 -43.7075 -18 -42 -49.1142 -30.7409 -69.6125 -36 -104.283 -2.98719 -82.0513 -90 
-154.167 169.098 119.279 -158.154 -110.963 -162 -120 -66 -168.111 167.996 -174 -168.227 139.775 -161.759 177.291 175.274 171.535 -55.7467 -108 0 -140.402 2.32463 -41.0461 -12 41.1412 -126.708 -4.90151 5.05167 24 39.8764 96 43.563 0 -67.8092 29.8006 138 -18 -75.0144 0 -43.4265 -32.899 -39.8311 1.25042 25.4155 9.72708 -82.3869 -23.2736 52.3124 -30 -106.472 50.2813 -5.92433 17.6405 -19.189 16.4059 47.2909 44.548 33.7062 -27.264 -31.1102 -4.17765 18.2743 51.5816 -53.7131 14.7127 -19.022 90 -5.93289 -21.7516 53.4782 8.62773 7.28248 -24 -6 -115.844 -32.9131 29.4174 53.4113 6.52001 -46.7576 102 54.7327 13.9679 12 48 17.8768 0 47.6355 42 108 78 -45 90 132 34.0228 16.9187 -90 -15.0524 126 -45.4021 17.3837 120 3.1024 3.47542 84 168.025 66 -38.0995 -34.7496 -160.035 -6.77452 54 30 -2.66637 10.1643 -25.9837 36 -97.9668 37.5045 -44.0782 -36.8789 
-152.121 176.307 138 -155.527 -126 -156.736 -124.237 -90 -163.031 180 -164.67 -159.391 162.27 -156.783 -176.339 -176.097 -171.016 -114 -114.87 -140.402 0 12 -27.9954 7.92209 40.89 -90 6 10.7014 27.6248 39.786 82.113 42 6.77452 -48 31.273 62.1783 8.3218 -54 11.4797 -28.985 -9.49459 -24 7.24565 30 18 -60 -14.5179 49.7135 21.533 -78 48.2493 4.69676 25.091 -10.9982 23.0365 45 43.7075 34.6084 -17.8768 -21.0066 7.19263 23.7597 48.3536 -36 19.6072 -6 78.2443 3.70826 0 50.3961 13.9679 17.6026 12.0087 9.39798 -84 -18 32.8898 50.0454 11.7231 -30 85.5348 48 17.816 19.133 46.2407 21.1024 12.0043 46.1981 41.4896 88.2883 69.6749 -28.8729 60 78.7411 36 21.75 -66 -7.37377 87.0254 -27.262 24 90 9.05875 16.0075 74.0676 72 60.4806 -26.2018 -23.82 78 0 51.0072 32.147 4.99938 14.6683 -12 36.7813 -72 37.8336 -23.6795 -6 
-135 156.321 66 -141.577 -18 -100.914 -74.5657 -24.6688 -152.39 108 -33.3495 -25.2154 54.9714 -110.215 171.859 158.92 18.6126 -6 -63.6705 2.32463 12 0 -83.2075 -160.88 71.0938 -162 -66 8.53388 78.7411 133.407 138.591 150 -3.47542 -120 51.5423 177.123 -163.898 -126 -163.851 -90.9225 -135.284 -96 0 138 126 -132 -46.0481 97.4481 -172.678 -150 90.7839 -52.3424 152.588 -38.6598 123.407 125.545 77.6246 58.0641 -53.4113 -60.7782 -97.9235 93.1504 118.168 -108 38.9326 -78 133 -33.0675 -147.068 104.203 17.6405 167.311 -168.006 -160.4 -156 -90 142.13 111.089 11.3099 -102 144.182 156 25.091 90 94.9488 31.7947 -168.025 84.1828 90 149.766 121.858 -98.8498 168 171.787 144 52.4776 -138 -31.2155 166.359 -107.078 132 160.867 4.10387 180 127.419 180 110.848 -75.6416 -68.1776 -174 -16.0075 100.119 81.4484 -11.6859 18.2792 -84 85.4094 -144 64.5775 -115.736 -150 
-111.487 -144 0 -114.551 -52.5519 -87.2843 -78.5671 -48.8765 -108 -87.4844 -79.1452 -72 -42 -90 -132 -108.4 -60 -42.6985 -72.1092 -41.0461 -27.9954 -83.2075 0 123.717 82.6106 156.783 94.0454 60 91.2831 110.325 121.64 117.78 60.7209 -178.799 71.8271 138.87 130.315 180 104.986 162 132 134.051 54 108.565 100.286 177.447 18 97.1293 137.781 165.932 93.6212 90 110.848 24 102 108.635 86.3149 75.3192 12 6 98.6004 96 106.326 174.194 78 93.1165 118.22 80.3916 126 100.467 66 108.948 135 115.795 161.442 110.215 111.168 103.562 58.1416 159.58 124.97 122.577 60.4806 95.8172 95.891 62.7301 107.751 90 93.6925 128.152 111.299 156 132.364 137.833 113.094 84 174.076 30 136.084 150 104.263 133.802 58.6153 114 114.757 142.236 104.583 -6 0 147.146 42 98.5073 91.1682 64.9413 58.8721 97.7472 92.0549 170.18 78.9303 144 136.813 
-142.236 169.529 90 -147.146 -46.2332 -138 -96 -42 -156.111 167.991 -150 -126.961 98.9067 -139.745 -178.932 180 -157.792 -22.6714 -84 -12 7.92209 -160.88 123.717 0 57.4229 -162.619 2.86297 12.5459 48 86.8835 120 105.936 5.92433 -99.2841 42.6985 162 -174 -108.4 20.4196 -61.8095 -82.7972 -60.3687 6.81832 72.7847 36.5847 -117.407 -27.7934 75.7373 174 -144.295 71.4347 0 69.7853 -22.0239 49.7774 87.4844 62.2197 47.6355 -33.5508 -39.2893 5.80584 45.2845 85.9546 -80.4785 29.468 -25.5704 114 -1.20131 -74.1307 79.7141 18.2409 45.9493 180 18 -153.38 -49.5477 82.2528 83.2075 14.0679 -70.6359 126 120.487 23.2173 36 72 27.9954 24 66.9063 66 132 102 -67.2024 145.977 156 90 34.9435 -126.359 -16.2479 150 -72.3753 54.7327 144 9.82037 52.3424 108 168.006 90 -50.6706 -45 178.163 -4.69676 78 54 2.55309 18.5577 -38.0125 60 -135.305 52.5519 -77.1504 -127.409 
144 108.635 68.7013 138 35.1844 68.5066 3.51681 19.6072 98.6004 77.6906 66.5436 58.6153 65.4492 71.5998 111.168 90 58.8721 35.3101 -0.858733 41.1412 40.89 71.0938 82.6106 57.4229 0 -136.434 -104.794 -71.0519 -113.171 -138 -172.008 -139.889 -78 -114.305 -30 -143.189 -126.391 -117.454 -114 -101.07 -117.27 -103.858 -69.1522 -128.646 -114.63 -120.69 -79.5334 -168 -134.587 -130.426 -174 -102 -126 -76.4376 -119.279 -144 174 -24 -82.8707 -86.3788 -108 -115.059 -150 -108.5 -90 -101.236 -175.274 -96 -119.519 -162 -75.0144 -120 -130.415 -119.06 -133.515 -102.241 -132 -156 -66 -105.987 -168.374 -143.116 -54 -111.822 -156.62 -48 -115.96 180 -141.067 -164.476 180 -104.681 -145.25 -147.541 -135 -99.6084 -123.962 -73.6745 -151.883 -108.173 -121.514 -156.18 -72 -121.858 -178.016 -143.364 180 -93.6851 -90 -141.457 -69.6749 -169 -117.943 -84 -60 -101.297 -127.143 -127.224 -18 -111.487 -123.197 
-149.196 180 144 -152.5 -120 -151.747 -121.709 -90 -158.993 -174 -158.474 -152.738 171.016 -152.005 -172.626 -171.275 -162.27 -108 -112.899 -126.708 -90 -162 156.783 -162.619 -136.434 0 12 14.5179 32.147 45 82.919 48 10.9019 -42 34.1113 69.8589 19.6202 -48 18.2251 -23.7597 0 -18 10.9982 36 24 -54 -10.7014 52.5569 36.8789 -72 50.9827 10.4706 31.7947 -7.24565 28.8729 49.4127 46.3702 37.3755 -13.9679 -16.9693 13.4932 28.985 52.1337 -30 23.82 0 79.3529 8.97587 9.49459 53.4278 17.8768 24.5373 25.5704 17.469 -78 -12 38.9487 53.3761 15.3613 -24 86.0364 54 21.1024 24.6688 49.3481 24.2496 19.022 48.8765 44.9072 88.5033 71.3652 -23.0365 66 81.4484 42 26.2018 -60 -3.66143 87.6194 -20.6091 30 90 12.9206 23.6795 75.4711 78 62.7301 -21.75 -19.6072 84 3.69291 53.8202 36.2618 9.44354 18.1168 -6 40.5317 -66 40.546 -16.0075 6 
-128.954 162.27 60 -135 -24 -90 -73.6426 -28.2526 -139.415 102 -52.5914 -39.0316 43.4631 -97.7472 180 175.806 0 -12 -63.8957 -4.90151 6 -66 94.0454 2.86297 -104.794 12 0 19.0636 87.0254 129.746 136.458 144 8.46482 -126 57.0885 170.884 -176.449 -132 155.445 -95.0387 -149.267 -102 9.31016 132 120 -138 -43.1872 99.3723 178.842 -156 93.3265 -22.2082 142.13 -34.7782 120.014 123.636 81.2443 63.1286 -51.5816 -60.0059 165.719 100.11 117.551 -114 52.8567 -84 131.326 -11.1676 -163.618 105.423 29.4174 148.533 -178.163 177.114 -162 -96 135.899 111.482 20.7335 -108 141.585 150 32.8898 100.914 97.3578 38.9487 160.035 87.2843 93.3771 146.689 121.128 -104.486 162 166.359 138 66.605 -144 -26.309 161.621 -114.424 126 156.736 14.621 161.387 126.21 174 111.168 -77.1358 -68.5066 180 -8.98374 101.727 87.6194 2.22659 26.8199 -90 90 -150 69.1673 -125.029 -162 
-96.4859 108 42.6985 -103.151 -5.81521 -14.621 -43.2897 -12.9206 -36 29.483 4.03889 0 30 -18 120 36.5847 12 0 -38.4198 5.05167 10.7014 8.53388 60 12.5459 -71.0519 14.5179 19.0636 0 154.499 164.67 155.448 170.575 -124.253 -140.056 90 -178.153 -168.125 -143.189 -170.273 -126 -156 -133.047 -54 171.241 180 -146.596 -90 133.759 -172.108 -157.76 127.577 -157.329 177.123 -84 174 158.474 115.178 96.378 -96 -102 -163.864 168 152.289 -135.067 150 -142.234 151.697 -150.577 -162 139.935 138 -176.602 -169.769 -168.156 -161.622 -133.952 170.884 146.111 33.3495 -133.554 159.292 172.008 62.1783 175.896 135 69.8589 -170.779 121.385 136.2 163.183 144.69 -132 176.898 178.38 170.18 156 -150.199 -78 174.725 -138 174.316 170.941 -90 -174 148.089 -176.615 138.87 -114 -108 -173.027 -66 135.317 145.537 -135.32 52.5914 -136.813 139.504 -153.938 102.686 -144 -161.442 
-151.674 135 69.6749 -161.081 9.39798 78 -60 -6 160.698 90 66 44.3269 64.4415 105.869 145.268 117.943 50.2538 15.3297 -48 24 27.6248 78.7411 91.2831 48 -113.171 32.147 87.0254 154.499 0 180 156 -171.678 -39.8764 -114.87 37.7659 -162 -138 -119.519 -115.253 -94.2015 -120.593 -97.887 -29.9222 -158.467 -117.822 -124.237 -61.1749 109.989 -150 -138.51 98.4508 -86.8835 -147.068 -55.7228 -134.645 164.205 76.9765 47.2909 -66.6622 -72.1713 -100.59 -123.112 149.267 -105.932 -19.854 -90 150 -74.0765 -125.374 122.225 -21.7516 -130.818 -144 -126 -143.219 -94.4652 -163.618 135.284 -19.424 -101.756 162 -172.078 0 -108 108 9.49459 -120 87.4844 102 168 138 -99.6493 -167.996 -168 -167.991 -29.6576 -128.993 -50.3234 -174 -105.043 -140.402 180 -29.483 -133.407 144 -160.867 126 -83.2093 -77.6906 -156.736 -39.786 114 90 -50.6982 -9.61932 -91.7117 96 -133.759 56.9577 -110.357 -130.965 
-162 147.853 88.7169 -168 19.3017 163.618 -98.4508 -9.49459 170.602 125.374 130.818 117.822 91.7117 167.991 156.736 144 92.9746 25.501 -76.9765 39.8764 39.786 133.407 110.325 86.8835 -138 45 129.746 164.67 180 0 142.234 -150.342 -24 -96.7907 24 -150.517 -105.923 -102.309 -60 -74.0676 -90 -74.9574 -19.133 -56.8882 -44.3269 -107.829 -46.2407 66 -129.302 -124.277 60 -48 -72 -41.4896 -39.5977 90 48 30 -51.0072 -55.7629 -54 -21.533 84 -85.7985 -7.92209 -59.4069 132.709 -42 -90 72 -12.0043 -66 -117.943 -79.4099 -129.677 -69.6428 -78 78 -12 -80.3507 151.674 -160.146 0 -32.9325 57.7752 6 -64.7468 54 44.7162 161.081 113.171 -78.2443 -158.248 -160.576 -105.869 -8.3218 -113.338 -36.7813 -170.381 -82.113 -45.3553 180 -18 -78.7411 123.042 -150.078 92.5156 -65.1302 -60.4806 -145.268 -27.6248 70.0109 15.7949 -30 -6 -64.4415 30.7329 -118.825 36 -85.5348 -102.573 
176.615 145.889 108.173 173.027 108.497 150 -168 66 157.266 133.759 138 135 115.065 152.207 151.327 143.189 122.912 90 -156 96 82.113 138.591 121.64 120 -172.008 82.919 136.458 155.448 156 142.234 0 -51.0434 -29.8006 -75.7172 0 -90 -66 -79.5334 -46.446 -60.7495 -63.7349 -60.1337 -26.3972 -41.1701 -40.0645 -83.2273 -43.4075 5.68437 -78 -92.9079 8.75858 -42.6985 -46.0481 -40.2344 -38.3057 -29.483 9.42536 3.1024 -46.5884 -49.7283 -44.9325 -32.3696 -19.0636 -67.9061 -23.1474 -49.3481 42 -39.944 -61.1749 0 -23.2736 -46.9531 -72 -54 -95.3309 -56.3687 -43.1872 -8.53388 -22.2399 -63.9945 -126 -60.3687 -14.5179 -36 0 -10.7014 -48 9.82037 -6 -120 30 -62.7455 -82.0332 -96 -44.695 -24.7566 -86.7407 -37.1181 -102 -64.2218 -39.8311 -108 -26.0623 -51.5423 36 -94.9488 18 -55.6752 -52.7761 -97.3578 -31.273 6 -18 -33.4041 -18.378 -52.752 -12 -90 5.81521 -65.0183 -68.8321 
-160.484 153.798 96 -165.75 12 176.449 -109.268 -19.6202 177.013 138 150.577 146.864 102.864 178.799 162.571 153.46 113.395 24 -90 43.563 42 150 117.78 105.936 -139.889 48 144 170.575 -171.678 -150.342 -51.0434 0 -16.9187 -90 24.7566 -150.577 -90 -96 -40.1698 -66.2178 -76.9765 -66 -13.2947 -12 -24 -102 -39.944 57.9818 -121.507 -120 54.0678 -34.9435 -33.0675 -35.3319 -16.0876 54.223 45 29.9525 -44.548 -49.1142 -38.1984 -5.85373 61.8636 -78 -0.858733 -48 119.032 -30.9638 -74.0765 61.1254 -5.93289 -39.5882 -105.936 -58.4928 -126 -60 -11.1676 62.8891 -6.73803 -72 139.107 -174 3.70826 -16.1021 51.0434 8.97587 -43.563 49.6853 40.8934 149.554 99.6084 -69.8942 -162 -163.898 -6 0 -108 -30.7409 -176.449 -73.1083 -18 171.678 -11.8755 -52.4776 109.268 -150 80.3916 -57.9946 -53.6095 -144 -21.75 60.9685 19.6202 -21.8268 -1.53591 -54 30.4464 -114 35.0808 -75.6416 -90 
-102 126.708 41.0461 -108 -11.8894 -29.4174 -50.2813 -17.8768 -69.0371 21.7516 -7.28248 -9.72708 25.9837 -34.0228 160.035 24 4.90151 -5.05167 -44.548 0 6.77452 -3.47542 60.7209 5.92433 -78 10.9019 8.46482 -124.253 -39.8764 -24 -29.8006 -16.9187 0 -141.9 84 176.898 -174.067 -145.25 180 -126.287 -160.978 -134.598 11.9754 161.726 168.227 -148.89 -82.0332 126 -177.334 -160.811 120 -168 168 -73.5275 162.616 150 108 90 -90 -97.6131 -174 154.585 144 -136.574 125.267 -147.101 146.294 -162 -167.996 132 90 174 -175.274 -175.822 -164.948 -135.922 162 138 48 -135 154.167 165.287 60 162.359 126.522 66 180 114 126.589 158.154 138.859 -133.242 171.372 173.48 161.759 136.437 -152.736 -64.1562 169.836 -140.169 163.594 166.032 42 177.675 142.495 178.75 132.364 -112.191 -104.986 -177.291 -39.5977 127.688 132.709 -150 54 -139.775 128.418 -156.726 96 -147.087 -166.507 
-127.577 -158.25 -174 -130.699 -78 -116.104 -97.3263 -67.1014 -130.886 -132 -115.178 -106.892 -113.395 -117.78 -149.259 -138.899 -102.864 -66 -90 -67.8092 -48 -120 -178.799 -99.2841 -114.305 -42 -126 -140.056 -114.87 -96.7907 -75.7172 -90 -141.9 0 55.6752 115.178 90 174 65.3185 5.85373 74.0765 24 35.3319 78 66 168 9.42536 77.7851 106.927 150 75.0745 50.6706 77.6246 13.2947 69.8942 83.8073 68.9625 59.0035 5.93289 2.98719 57.7493 66.2178 83.3369 12 53.6095 42 100.877 45 76.9765 80.1498 44.548 72.2232 99.2841 73.0729 144 30 81.2443 82.0513 39.5915 18 107.48 96 43.7075 63.6705 75.7172 46.3702 67.8092 72.1092 72.5198 110.388 93.6851 16.0876 108 116.33 84 57.9946 162 17.4288 116.104 33.1361 72 114.87 38.4198 75.6416 97.3263 120 86.3149 0 0.858733 126 26.2018 79.1233 67.1014 38.8924 41.4072 36 69.6125 156 62.3591 52.4776 90 
126 97.081 58.3596 120 22.7344 43.1872 -8.75858 10.7014 71.5029 61.1749 46.9531 40.0645 52.752 44.695 97.3578 72 43.5423 24.552 -9.42536 29.8006 31.273 51.5423 71.8271 42.6985 -30 34.1113 57.0885 90 37.7659 24 0 24.7566 84 55.6752 0 -153.938 -140.056 -127.224 -132 -112.094 -130.652 -115.778 -85.0512 -147.63 -135 -130.272 -90 174 -146.596 -139.766 168 -120 -144 -87.0921 -140.169 -162 156 138 -93.2593 -96.7727 -126 -138.83 -168 -119.251 -119.631 -116.265 176.898 -114 -133.759 180 -97.9668 -138 -143.189 -135.067 -142.882 -114.982 -150 -174 -84 -117.255 -176.615 -156.853 -72 -133.952 180 -66 -133.554 162 -171.466 -173.027 172.008 -116.005 -156.726 -157.76 -152.207 -128.957 -133.412 -84.6691 -161.622 -119.866 -141.694 -165.482 -90 -138.591 174.185 -153.603 170.18 -104.283 -100.467 -151.327 -82.113 174.316 -150.517 -102 -78 -115.065 -160.936 -136.592 144 -123.631 -136.084 
-157.76 167.079 121.385 -161.622 -135.32 -168 -126 -72 -172.108 164.67 180 -175.961 139.504 -167.454 174.725 172.008 165.379 -90 -114 138 62.1783 177.123 138.87 162 -143.189 69.8589 170.884 -178.153 -162 -150.517 -90 -150.577 176.898 115.178 -153.938 0 -24 -71.0519 -5.68437 -43.2897 -34.4635 -40.0645 -1.62013 16.1359 3.39844 -77.3136 -24.552 46.446 -36 -96.4859 44.9325 -9.82037 8.53388 -20.7084 9.22102 37.7659 39.944 29.8006 -28.3034 -31.9107 -8.75858 11.8435 43.1872 -52.4234 10.2314 -21.526 84 -9.42536 -25.501 46.9531 5.05167 0 -30 -12 -103.151 -33.889 19.0636 46.0481 3.38531 -46.2413 96 36.5847 10.7014 6 42 14.5179 -6 42.6985 36 102 72 -44.6828 55.7467 126 22.6714 11.8755 -83.622 -16.8175 120 -45 9.72708 114 0 -4.10387 78 -146.651 60 -38.4198 -35.3101 -127.409 -9.05875 48 24 -5.81521 6.97337 -27.7109 30 -90 33.4041 -43.8 -38.0125 
-144.668 171.024 99.6084 -149.259 -58.4928 -144 -102 -48 -158.173 171.678 -156 -140.412 118.136 -145.057 -178.464 -179.141 -168.832 -29.4228 -90 -18 8.3218 -163.898 130.315 -174 -126.391 19.6202 -176.449 -168.125 -138 -105.923 -66 -90 -174.067 90 -140.056 -24 0 -99.6084 16.0876 -54.0678 -54.223 -51.0434 6.73803 58.4928 29.4228 -109.268 -24.7566 69.8942 168 -139.107 66.2178 1.20131 52.4776 -19.5163 40.1698 76.9765 57.9946 44.548 -29.9525 -35.0808 5.85373 38.1984 77.1358 -70.7321 26.5396 -19.6202 108 0 -29.6576 73.1083 16.9187 33.1361 174 12 -149.554 -40.8934 66.605 75.6416 13.2947 -60.9685 120 105.936 21.75 30 66 26.2018 18 62.2197 60 126 96 -57.9818 136.437 150 74.0641 30.9638 -119.032 -14.2505 144 -61.1254 43.563 138 9.42536 33.0675 102 163.898 84 -45 -40.1109 176.449 -3.70826 72 48 2.98719 17.4288 -30.4464 54 -128.957 49.1142 -62.8891 -90 
-130.426 -160.393 180 -133.515 -84 -121.128 -101.07 -71.3652 -134.587 -138 -121.385 -113.456 -127.143 -122.577 -151.883 -143.116 -111.493 -72 -93.6851 -75.0144 -54 -126 180 -108.4 -117.454 -48 -132 -143.189 -119.519 -102.309 -79.5334 -96 -145.25 174 -127.224 -71.0519 -99.6084 0 58.4859 3.51681 62.0574 18 32.4585 72 60 162 7.9918 74.0134 98.6004 144 71.5003 45 71.0938 11.6263 64.0397 78.7644 65.6949 56.0376 4.72625 1.98426 51.3537 60.94 78.7026 6 49.585 36 97.1293 40.1109 66.8289 76.1417 41.1412 65.3698 90 64.9413 138 24 75.2056 77.7591 36.6356 12 103.562 90 40.89 58.1416 71.8271 43.5664 60.7209 68.7013 68.5129 106.326 90 10.9997 102 110.848 78 53.6095 156 15.5235 111.168 23.3804 66 110.325 35.3101 68.1776 93.6212 114 82.6106 -0.858733 0 120 23.82 75.3192 62.7301 35.1844 38.543 30 65.4492 150 59.3101 38.9326 78 
-138 160.978 72.2487 -144 -23.8493 -120.014 -81.5638 -28.8729 -154.585 134.645 -120.051 -55.7467 64.1562 -125.267 175.098 168 19.9646 -9.22102 -69.8942 0 11.4797 -163.851 104.986 20.4196 -114 18.2251 155.445 -170.273 -115.253 -60 -46.446 -40.1698 180 65.3185 -132 -5.68437 16.0876 58.4859 0 -82.3869 -126.708 -85.8304 2.32463 118.397 70.469 -128.279 -39.8311 90 -174.415 -148.378 84 -24 132 -32.9131 90 114 72 54 -46.7576 -53.7131 -30 69.0371 108 -100.681 34.0228 -58.6516 127.688 -18 -140.402 96 17.3837 138 -169 -157.748 -155.067 -77.7789 126 102 12 -93.4076 139.418 148.311 24 56.5933 86.8661 30 180 78 81.1502 145.277 115.96 -90 163.594 168.569 130.223 43.563 -135 -25.9837 162.78 -97.9668 101.433 156.964 6 168.025 121.822 177.788 104.263 -67.8092 -60.7209 -175.324 -12.0043 92.6337 70.0109 -6 18 -68.9372 75.5145 -141.694 60 -106.472 -146.34 
-115.541 -150 5.80584 -118.773 -55.6221 -93.3265 -81.9257 -50.9827 -114 -98.4508 -86.1672 -78 -48 -96 -138 -117.407 -66 -44.9325 -75.0745 -43.4265 -28.985 -90.9225 162 -61.8095 -101.07 -23.7597 -95.0387 -126 -94.2015 -74.0676 -60.7495 -66.2178 -126.287 5.85373 -112.094 -43.2897 -54.0678 3.51681 -82.3869 0 126 112.275 48 103.437 93.6197 180 12 93.4854 135 166.399 90 80.4785 105.434 18 96 104.529 82.6737 71.5014 6 0 90 90 102.415 180 72 79.4099 115.707 70.7321 120 96.7727 60 102.686 131.566 109.25 161.381 86.8496 106.357 99.7836 52.5808 157.748 122.69 119.06 55.7629 89.2161 92.0242 58.2915 100.681 86.3788 89.5104 125.968 108.5 150 129.719 135.777 108.565 78 175.822 24 134.055 144 98.4362 131.751 52.4234 108 112.108 140.41 101.433 -12 -6 145.731 36 94.9122 86.1846 56.9448 53.7903 79.8899 87.5037 171.241 75.1918 138 132.709 
-135.093 180 86.8835 -139.468 -56.9577 -123.636 -93.8154 -49.4127 -144 -164.205 -125.432 -108 102 -126 -168 -162.619 -96 -37.7659 -83.8073 -32.899 -9.49459 -135.284 132 -82.7972 -117.27 0 -149.267 -156 -120.593 -90 -63.7349 -76.9765 -160.978 74.0765 -130.652 -34.4635 -54.223 62.0574 -126.708 126 0 -49.1817 18 81.5492 57.7752 -129.302 -18 79.3529 146.34 -160.576 75.4711 25.5704 81.4484 -12 66 90 67.1014 53.8202 -24 -30 36.8789 60 88.5033 -79.4099 42 0 111.294 19.6202 90 82.919 30 69.8589 140.915 71.0679 -170.381 -32.9325 87.6194 86.0364 24.6688 -64.7468 121.163 113.171 32.147 54.4548 76.451 36.2618 58.6516 71.3652 71.7774 125.953 101.236 -60 132.709 142.694 92.5156 48 -140.124 -6 139.09 -66 70.0109 135 21.526 78 106.276 151.674 91.1682 -42 -36 161.081 6 81.268 63.1368 17.469 28.2526 -16.3825 67.3087 -150.517 58.2915 -72 157.748 
-119.575 -159.391 30 -123.197 -54 -97.3578 -83.2273 -49.3481 -119.995 -108 -90 -79.9868 -39.0316 -100.286 -146.141 -127.22 -65.576 -42 -75.7172 -39.8311 -24 -96 134.051 -60.3687 -103.858 -18 -102 -133.047 -97.887 -74.9574 -60.1337 -66 -134.598 24 -115.778 -40.0645 -51.0434 18 -85.8304 112.275 -49.1817 0 40.4174 102 90 -168 0 91.6992 138.83 174 87.9758 72.3753 104.203 7.02311 93.1339 103.549 80.1498 68.1374 -7.28248 -14.9777 84.3142 86.3803 101.275 -144 66.5436 66 116.005 61.1254 122.225 95.2162 53.4782 100.704 135.305 108.497 168 54 105.423 98.4451 45.949 -138 123.631 120 50.3961 85.0512 90 53.4278 97.9668 84.109 87.0921 127.248 108.173 -120.051 132 138.591 108 73.1083 -174 13.8747 136.458 180 96 133.759 45 107.078 112.094 144 100.467 -33.1361 -23.3804 150 27.262 93.2593 82.919 47.7443 47.8401 60 84.6691 180 72.1245 154.785 138 
-90 102 37.7637 -94.5906 -9.30945 -20.7335 -44.223 -15.3613 -42 19.424 -3.37111 -6 24 -24 114 19.1198 6 -3.38531 -39.5915 1.25042 7.24565 0 54 6.81832 -69.1522 10.9982 9.31016 -54 -29.9222 -19.133 -26.3972 -13.2947 11.9754 35.3319 -85.0512 -1.62013 6.73803 32.4585 2.32463 48 18 40.4174 0 166.399 172.977 -150.737 -96 133 -176.291 -161.462 127.419 -168.006 171.787 -90 168 155.331 116.33 100.119 -102 -108 -172.678 162 149.766 -140.41 144 -151.674 150.032 -163.898 -168 138.591 132 177.123 -174.393 -174.535 -165.223 -141.34 166.359 144.182 90 -139.418 157.258 168.374 78.7411 168.69 134.051 81.4484 -177.788 121.858 135 160.951 143.364 -138 173.48 175.208 165.932 150 -154.167 -84 171.818 -144 168.569 168.277 146.651 180 146.599 180 137.833 -120 -114 -176.437 -72 134.429 142.694 -160.4 79.0861 -145.222 137.728 -157.76 105.434 -150 -166.705 
-153.925 151.015 84 -160.215 0 -177.114 -90 -17.469 180 126 135.32 112.275 84.9613 -174.194 161.381 148.598 79.8899 12 -73.0729 25.4155 30 138 108.565 72.7847 -128.646 36 132 171.241 -158.467 -56.8882 -41.1701 -12 161.726 78 -147.63 16.1359 58.4928 72 118.397 103.437 81.5492 102 166.399 0 -36 -114 -44.9325 77.4269 -144.648 -132 70.7497 -45.2845 -97.9235 -39.59 -22.2518 108.932 57.7493 38.6752 -50.2813 -55.6221 -52.8952 0 99.4809 -90 3.51681 -60 130.965 -38.1984 -100.59 84.3142 -4.17765 -73.2509 -133.767 -90 -138 -72 165.719 91.5588 -5.46545 -84 146.687 174 7.19263 -19.6 71.5029 13.4932 -69.0371 64.2054 61.2293 154.574 115.059 -81.5638 -174 -172.678 162 5.85373 -120 -34.2686 178.842 -86.3803 -30 170.602 -11.8435 -93.1504 123.055 -162 98.6004 -66.2178 -60.94 -156 -23.7597 81.0184 36.8789 -24.7815 0.87606 -66 49.8594 -126 45 -90.9225 -114 
-141.787 152.738 72 -148.601 -12 -127.409 -77.3136 -21.526 -165.022 114 90 0 65.576 -134.051 166.125 150.934 39.0316 0 -64.8224 9.72708 18 126 100.286 36.5847 -114.63 24 120 180 -117.822 -44.3269 -40.0645 -24 168.227 66 -135 3.39844 29.4228 60 70.469 93.6197 57.7752 90 172.977 -36 0 -126 -46.9531 93.3324 -163.864 -144 86.1672 -53.0393 167.311 -40.4174 120.051 125.432 72.2232 51.7769 -53.4782 -60.0045 -73.2509 67.7247 116.527 -102 23.3804 -72 133.759 -39.5882 -130.818 100.704 7.28248 -159.518 -157.329 -135.32 -150 -84 148.533 108.382 3.37111 -96 146.111 162 17.6026 33.3495 90 24.5373 -124.253 79.1452 83.5141 152.289 121.385 -93.1339 174 177.123 150 33.1361 -132 -33.8586 170.884 -100.013 138 164.67 -4.03889 -154.785 127.577 -174 108.948 -73.1083 -66.5436 -168 -20.6091 96.378 69.8589 -20.0086 10.5625 -78 76.8494 -138 58.561 -107.078 -138 
-133.445 -163.031 174 -136.525 -90 -126.21 -104.808 -75.4711 -138.477 -144 -127.577 -119.995 -139.415 -127.448 -154.882 -147.555 -119.994 -78 -97.3263 -82.3869 -60 -132 177.447 -117.407 -120.69 -54 -138 -146.596 -124.237 -107.829 -83.2273 -102 -148.89 168 -130.272 -77.3136 -109.268 162 -128.279 180 -129.302 -168 -150.737 -114 -126 0 5.81521 70.2211 90 138 67.8916 39.2893 64.5775 9.30945 58.178 73.7237 62.3591 52.9443 2.66637 0 45 55.6221 74.071 0 45.4125 30 93.4854 35.0808 56.9577 72.1245 37.5045 58.561 80.4785 56.9448 132 18 69.1673 73.4657 33.4014 6 99.7836 84 37.8336 52.5808 67.9061 40.546 53.7131 65.2427 64.4594 102.415 86.3788 5.58497 96 105.434 72 49.1142 150 13.0516 106.357 14.9777 60 105.932 31.9107 60.7782 90 108 78.9303 -2.98719 -1.98426 114 21.0066 71.5014 58.2915 31.2064 35.4185 24 61.2269 144 56.1545 27.6098 66 
